0 19 -1
0 18 1
1 7 -1
1 5 1
2 20 -1
2 4 1
3 24 1
3 1 -1
4 10 -1
4 13 1
5 26 1
5 18 -1
6 27 1
6 4 -1
7 3 -1
7 8 1
8 23 -1
8 15 1
9 29 -1
9 12 1
10 6 -1
10 17 1
11 0 1
11 8 -1
12 24 -1
12 16 1
13 2 1
13 12 -1
14 5 -1
14 21 1
15 7 1
15 21 -1
16 9 1
16 17 -1
17 26 -1
17 19 1
18 14 -1
18 11 1
19 10 1
19 25 -1
20 14 1
20 22 -1
21 27 -1
21 20 1
22 2 -1
22 29 1
23 11 -1
23 22 1
24 13 -1
24 25 1
25 0 -1
25 3 1
26 16 -1
26 1 1
27 15 -1
27 28 1
28 9 -1
28 6 1
29 23 1
29 28 -1
(-6,-2)=0 (-3,-3)=1 (-8,-8)=2 (-8,-2)=3 (-7,-7)=4 (-4,-2)=5 (-12,-6)=6 (-2,-2)=7 (-1,-1)=8 (-10,-6)=9 (-6,-6)=10 (-6,0)=11 (-9,-5)=12 (-8,-6)=13 (-4,0)=14 (-2,0)=15 (-10,-4)=16 (-5,-5)=17 (-5,-1)=18 (-6,-4)=19 (-14,-8)=20 (-3,1)=21 (-9,-9)=22 (0,0)=23 (-8,-4)=24 (-7,-3)=25 (-4,-4)=26 (-12,-8)=27 (-11,-7)=28 (-10,-8)=29