0 21 1
0 7 -1
1 9 -1
1 0 1
2 11 -1
2 23 1
3 23 -1
3 5 1
4 26 -1
4 7 1
5 18 -1
5 16 1
6 11 1
6 5 -1
7 14 -1
7 27 1
8 14 1
8 15 -1
9 27 -1
9 15 1
10 3 -1
10 29 1
11 29 -1
11 12 1
12 25 -1
12 6 1
13 25 1
13 17 -1
14 0 -1
14 22 1
15 20 -1
15 19 1
16 3 1
16 12 -1
17 21 -1
17 26 1
18 6 -1
18 17 1
19 9 1
19 22 -1
20 8 -1
20 10 1
21 13 -1
21 1 1
22 28 -1
22 8 1
23 28 1
23 10 -1
24 4 -1
24 13 1
25 16 -1
25 24 1
26 18 1
26 24 -1
27 4 1
27 1 -1
28 19 -1
28 2 1
29 20 1
29 2 -1
(-6,-8)=0 (-5,-9)=1 (-3,-3)=2 (0,-4)=3 (-8,-8)=4 (1,-3)=5 (2,-4)=6 (-7,-7)=7 (-2,-8)=8 (-4,-8)=9 (-1,-5)=10 (-2,-2)=11 (-1,-1)=12 (-6,-12)=13 (-6,-6)=14 (-3,-7)=15 (0,-2)=16 (-7,-11)=17 (2,-2)=18 (-4,-6)=19 (-2,-6)=20 (-6,-10)=21 (-5,-5)=22 (0,-6)=23 (-9,-9)=24 (0,0)=25 (-8,-10)=26 (-4,-10)=27 (-4,-4)=28 (-2,-4)=29