0 20 -1
0 19 1
1 7 -1
1 6 1
2 23 1
2 17 -1
3 11 -1
3 5 1
4 24 1
4 9 -1
5 10 -1
5 12 1
6 27 1
6 19 -1
7 26 -1
7 9 1
8 29 1
8 18 -1
9 23 -1
9 16 1
10 28 -1
10 18 1
11 0 1
11 22 -1
12 3 1
12 14 -1
13 2 -1
13 14 1
14 24 -1
14 26 1
15 6 -1
15 21 1
16 7 1
16 21 -1
17 13 -1
17 8 1
18 27 -1
18 20 1
19 15 -1
19 11 1
20 10 1
20 25 -1
21 29 -1
21 28 1
22 3 -1
22 2 1
23 4 -1
23 22 1
24 12 -1
24 25 1
25 0 -1
25 4 1
26 13 1
26 1 -1
27 8 -1
27 1 1
28 15 1
28 5 -1
29 16 -1
29 17 1
(-6,-2)=0 (-3,-3)=1 (0,2)=2 (-8,-8)=3 (-8,-2)=4 (-7,-7)=5 (-4,-2)=6 (-2,-2)=7 (-2,4)=8 (-1,-1)=9 (-6,-6)=10 (-6,0)=11 (-8,-6)=12 (0,4)=13 (1,5)=14 (-4,0)=15 (-2,0)=16 (-1,3)=17 (-5,-5)=18 (-5,-1)=19 (-6,-4)=20 (-3,1)=21 (-9,-9)=22 (0,0)=23 (-8,-4)=24 (-7,-3)=25 (0,6)=26 (-4,-4)=27 (-4,2)=28 (-2,2)=29