0 21 1
0 7 -1
1 9 -1
1 0 1
2 11 -1
2 8 1
3 25 1
3 6 -1
4 23 -1
4 6 1
5 26 -1
5 7 1
6 16 -1
6 17 1
7 14 -1
7 13 1
8 28 1
8 15 -1
9 27 -1
9 15 1
10 4 -1
10 29 1
11 29 -1
11 12 1
12 25 -1
12 23 1
13 5 1
13 18 -1
14 0 -1
14 22 1
15 20 -1
15 19 1
16 3 -1
16 18 1
17 4 1
17 12 -1
18 21 -1
18 26 1
19 9 1
19 22 -1
20 8 -1
20 10 1
21 13 -1
21 1 1
22 28 -1
22 27 1
23 11 1
23 10 -1
24 5 -1
24 3 1
25 17 -1
25 24 1
26 16 1
26 24 -1
27 14 1
27 1 -1
28 19 -1
28 2 1
29 20 1
29 2 -1
(-6,-8)=0 (-5,-9)=1 (-3,-3)=2 (-8,-14)=3 (0,-4)=4 (-8,-8)=5 (1,-3)=6 (-7,-7)=7 (-2,-8)=8 (-4,-8)=9 (-1,-5)=10 (-2,-2)=11 (-1,-1)=12 (-6,-12)=13 (-6,-6)=14 (-3,-7)=15 (-8,-12)=16 (0,-2)=17 (-7,-11)=18 (-4,-6)=19 (-2,-6)=20 (-6,-10)=21 (-5,-5)=22 (0,-6)=23 (-9,-9)=24 (0,0)=25 (-8,-10)=26 (-4,-10)=27 (-4,-4)=28 (-2,-4)=29