0 20 1
0 8 -1
1 10 -1
1 0 1
2 20 -1
2 26 1
3 12 -1
3 7 1
4 23 -1
4 6 1
5 26 -1
5 8 1
6 17 -1
6 16 1
7 28 1
7 6 -1
8 14 -1
8 9 1
9 5 1
9 15 -1
10 27 -1
10 15 1
11 4 -1
11 29 1
12 29 -1
12 13 1
13 25 -1
13 21 1
14 0 -1
14 22 1
15 19 -1
15 18 1
16 4 1
16 13 -1
17 7 -1
17 2 1
18 10 1
18 22 -1
19 9 -1
19 11 1
20 21 -1
20 1 1
21 12 1
21 2 -1
22 28 -1
22 23 1
23 14 1
23 11 -1
24 5 -1
24 27 1
25 16 -1
25 24 1
26 17 1
26 24 -1
27 25 1
27 1 -1
28 18 -1
28 3 1
29 19 1
29 3 -1
(-6,-8)=0 (-5,-9)=1 (3,-1)=2 (-3,-3)=3 (0,-4)=4 (-8,-8)=5 (1,-3)=6 (2,-4)=7 (-7,-7)=8 (-2,-8)=9 (-4,-8)=10 (-1,-5)=11 (-2,-2)=12 (-1,-1)=13 (-6,-6)=14 (-3,-7)=15 (0,-2)=16 (2,-2)=17 (-4,-6)=18 (-2,-6)=19 (-6,-10)=20 (4,-2)=21 (-5,-5)=22 (0,-6)=23 (-9,-9)=24 (0,0)=25 (-8,-10)=26 (-4,-10)=27 (-4,-4)=28 (-2,-4)=29