0 17 -1
0 1 1
1 25 -1
1 18 1
2 9 -1
2 4 1
3 26 -1
3 13 1
4 22 1
4 13 -1
5 18 -1
5 7 1
6 25 1
6 7 -1
7 20 -1
7 17 1
8 16 1
8 14 -1
9 28 -1
9 19 1
10 12 -1
10 14 1
11 10 -1
11 6 1
12 3 1
12 11 -1
13 16 -1
13 12 1
14 22 -1
14 26 1
15 23 -1
15 24 1
16 4 -1
16 21 1
17 5 1
17 19 -1
18 0 1
18 24 -1
19 0 -1
19 23 1
20 6 -1
20 27 1
21 15 -1
21 8 1
22 8 -1
22 2 1
23 9 1
23 21 -1
24 5 -1
24 28 1
25 29 -1
25 11 1
26 10 1
26 27 -1
27 3 -1
27 29 1
28 15 1
28 2 -1
29 20 1
29 1 -1
(-12,4)=0 (-11,5)=1 (-5,3)=2 (-8,4)=3 (-16,2)=4 (-12,0)=5 (-10,0)=6 (-11,1)=7 (-6,0)=8 (-14,2)=9 (-8,0)=10 (-9,-1)=11 (-18,4)=12 (-17,3)=13 (-7,1)=14 (-4,0)=15 (-16,4)=16 (-12,2)=17 (-2,0)=18 (-13,3)=19 (-10,2)=20 (-5,-1)=21 (-6,2)=22 (-14,4)=23 (-3,1)=24 (0,0)=25 (-8,2)=26 (-9,3)=27 (-4,2)=28 (-10,4)=29