0 1 1
0 9 -1
1 21 -1
1 4 1
2 1 -1
2 26 1
3 12 -1
3 16 1
4 11 -1
4 0 1
5 23 -1
5 7 1
6 26 -1
6 9 1
7 18 -1
7 17 1
8 25 1
8 7 -1
9 14 -1
9 21 1
10 5 -1
10 29 1
11 28 -1
11 15 1
12 29 -1
12 13 1
13 25 -1
13 23 1
14 0 -1
14 22 1
15 20 -1
15 19 1
16 27 1
16 15 -1
17 5 1
17 13 -1
18 8 -1
18 2 1
19 11 1
19 22 -1
20 16 -1
20 10 1
21 6 1
21 2 -1
22 27 -1
22 28 1
23 12 1
23 10 -1
24 6 -1
24 8 1
25 17 -1
25 24 1
26 18 1
26 24 -1
27 19 -1
27 3 1
28 14 1
28 4 -1
29 20 1
29 3 -1
(-6,-8)=0 (4,0)=1 (3,-1)=2 (-3,-3)=3 (5,1)=4 (0,-4)=5 (-8,-8)=6 (1,-3)=7 (2,-4)=8 (-7,-7)=9 (-1,-5)=10 (6,2)=11 (-2,-2)=12 (-1,-1)=13 (-6,-6)=14 (-3,-7)=15 (8,2)=16 (0,-2)=17 (2,-2)=18 (-4,-6)=19 (-2,-6)=20 (4,-2)=21 (-5,-5)=22 (0,-6)=23 (-9,-9)=24 (0,0)=25 (2,0)=26 (-4,-4)=27 (6,0)=28 (-2,-4)=29