0 16 1
0 20 -1
1 9 -1
1 8 1
2 19 1
2 5 -1
3 6 -1
3 2 1
4 23 -1
4 5 1
5 10 -1
5 13 1
6 26 -1
6 7 1
7 16 -1
7 11 1
8 27 1
8 7 -1
9 29 -1
9 12 1
10 2 -1
10 14 1
11 6 1
11 14 -1
12 25 -1
12 18 1
13 4 1
13 12 -1
14 22 -1
14 15 1
15 10 1
15 28 -1
16 8 -1
16 17 1
17 21 -1
17 0 1
18 9 1
18 17 -1
19 15 -1
19 3 1
20 27 -1
20 26 1
21 18 -1
21 24 1
22 11 -1
22 20 1
23 25 1
23 24 -1
24 4 -1
24 29 1
25 13 -1
25 28 1
26 22 1
26 3 -1
27 0 -1
27 1 1
28 19 -1
28 23 1
29 21 1
29 1 -1
(-12,10)=0 (-11,5)=1 (-6,4)=2 (-5,3)=3 (-8,4)=4 (-7,5)=5 (-4,4)=6 (-13,7)=7 (-12,6)=8 (-10,6)=9 (-6,6)=10 (-14,8)=11 (-9,7)=12 (-8,6)=13 (-15,9)=14 (-16,10)=15 (-12,8)=16 (-11,9)=17 (-10,8)=18 (-6,2)=19 (-3,1)=20 (0,0)=21 (-14,10)=22 (-8,2)=23 (-9,3)=24 (-8,8)=25 (-4,2)=26 (-2,2)=27 (-17,11)=28 (-10,4)=29