0 22 1
0 4 -1
1 5 -1
1 0 1
2 24 1
2 19 -1
3 25 -1
3 4 1
4 9 -1
4 14 1
5 28 -1
5 10 1
6 29 1
6 10 -1
7 24 -1
7 17 1
8 9 1
8 15 -1
9 0 -1
9 21 1
10 20 -1
10 18 1
11 14 -1
11 15 1
12 11 -1
12 2 1
13 2 -1
13 27 1
14 3 1
14 12 -1
15 22 -1
15 25 1
16 18 -1
16 23 1
17 20 1
17 23 -1
18 5 1
18 21 -1
19 13 -1
19 6 1
20 6 -1
20 7 1
21 16 -1
21 8 1
22 8 -1
22 1 1
23 29 -1
23 28 1
24 26 -1
24 12 1
25 11 1
25 27 -1
26 13 1
26 7 -1
27 3 -1
27 26 1
28 16 1
28 1 -1
29 17 -1
29 19 1
(-6,4)=0 (-5,3)=1 (0,2)=2 (-8,4)=3 (-7,5)=4 (-4,4)=5 (-2,4)=6 (-1,7)=7 (-6,0)=8 (-6,6)=9 (-3,5)=10 (-8,0)=11 (-9,-1)=12 (0,4)=13 (-8,6)=14 (-7,1)=15 (-4,0)=16 (-2,0)=17 (-4,6)=18 (-1,3)=19 (-2,6)=20 (-5,-1)=21 (-6,2)=22 (-3,1)=23 (0,0)=24 (-8,2)=25 (0,6)=26 (-9,3)=27 (-4,2)=28 (-2,2)=29