0 17 -1
0 23 1
1 26 1
1 14 -1
2 13 1
2 12 -1
3 10 -1
3 15 1
4 19 -1
4 11 1
5 24 1
5 23 -1
6 28 -1
6 9 1
7 6 -1
7 5 1
8 29 1
8 9 -1
9 25 -1
9 20 1
10 0 1
10 16 -1
11 18 1
11 15 -1
12 26 -1
12 22 1
13 1 -1
13 16 1
14 13 -1
14 8 1
15 24 -1
15 17 1
16 3 -1
16 2 1
17 3 1
17 27 -1
18 5 -1
18 4 1
19 20 -1
19 21 1
20 6 1
20 4 -1
21 29 -1
21 28 1
22 25 1
22 21 -1
23 18 -1
23 10 1
24 11 -1
24 7 1
25 8 -1
25 12 1
26 2 -1
26 27 1
27 0 -1
27 1 1
28 19 1
28 7 -1
29 22 -1
29 14 1
(-6,-2)=0 (-8,-2)=1 (-18,-4)=2 (-16,-4)=3 (-13,-5)=4 (-4,-2)=5 (-12,0)=6 (-13,-1)=7 (-10,0)=8 (-11,1)=9 (-6,0)=10 (-14,-4)=11 (-9,-5)=12 (-8,0)=13 (-9,-1)=14 (-15,-3)=15 (-7,1)=16 (-16,-2)=17 (-4,0)=18 (-12,-4)=19 (-2,0)=20 (-11,-3)=21 (-10,-4)=22 (-5,-1)=23 (-14,-2)=24 (0,0)=25 (-8,-4)=26 (-7,-3)=27 (-12,-2)=28 (-10,-2)=29