0 20 -1
0 19 1
1 7 -1
1 5 1
2 6 -1
2 4 1
3 24 1
3 17 -1
4 10 -1
4 13 1
5 26 1
5 19 -1
6 18 1
6 22 -1
7 11 -1
7 8 1
8 23 -1
8 15 1
9 29 -1
9 12 1
10 16 -1
10 17 1
11 0 1
11 1 -1
12 24 -1
12 16 1
13 2 1
13 12 -1
14 5 -1
14 21 1
15 7 1
15 21 -1
16 9 1
16 4 -1
17 26 -1
17 20 1
18 15 -1
18 28 1
19 14 -1
19 11 1
20 10 1
20 25 -1
21 18 -1
21 27 1
22 2 -1
22 29 1
23 27 -1
23 22 1
24 13 -1
24 25 1
25 0 -1
25 3 1
26 3 -1
26 1 1
27 14 1
27 8 -1
28 9 -1
28 6 1
29 23 1
29 28 -1
(-6,-2)=0 (-3,-3)=1 (-8,-8)=2 (-8,-2)=3 (-7,-7)=4 (-4,-2)=5 (-12,-6)=6 (-2,-2)=7 (-1,-1)=8 (-10,-6)=9 (-6,-6)=10 (-6,0)=11 (-9,-5)=12 (-8,-6)=13 (-4,0)=14 (-2,0)=15 (-10,-4)=16 (-5,-5)=17 (-2,2)=18 (-5,-1)=19 (-6,-4)=20 (-3,1)=21 (-9,-9)=22 (0,0)=23 (-8,-4)=24 (-7,-3)=25 (-4,-4)=26 (-4,2)=27 (-11,-7)=28 (-10,-8)=29