0 1 -1
0 20 1
1 21 1
1 26 -1
2 6 -1
2 1 1
3 23 1
3 18 -1
4 24 1
4 13 -1
5 6 1
5 20 -1
6 28 -1
6 10 1
7 29 1
7 10 -1
8 23 -1
8 17 1
9 0 1
9 15 -1
10 19 -1
10 5 1
11 24 -1
11 3 1
12 4 -1
12 15 1
13 12 -1
13 27 1
14 3 -1
14 13 1
15 21 -1
15 25 1
16 5 -1
16 22 1
17 19 1
17 22 -1
18 14 -1
18 7 1
19 7 -1
19 8 1
20 16 -1
20 9 1
21 9 -1
21 2 1
22 29 -1
22 28 1
23 27 -1
23 11 1
24 25 -1
24 26 1
25 12 1
25 11 -1
26 0 -1
26 4 1
27 14 1
27 8 -1
28 16 1
28 2 -1
29 17 -1
29 18 1
(-6,-2)=0 (-6,4)=1 (-5,3)=2 (0,2)=3 (-8,-2)=4 (-4,-2)=5 (-4,4)=6 (-2,4)=7 (-1,7)=8 (-6,0)=9 (-3,5)=10 (-9,-5)=11 (-8,0)=12 (-9,-1)=13 (0,4)=14 (-7,1)=15 (-4,0)=16 (-2,0)=17 (-1,3)=18 (-2,6)=19 (-5,-1)=20 (-6,2)=21 (-3,1)=22 (0,0)=23 (-8,-4)=24 (-8,2)=25 (-7,-3)=26 (0,6)=27 (-4,2)=28 (-2,2)=29