0 24 -1
0 20 1
1 21 1
1 20 -1
2 4 -1
2 1 1
3 18 1
3 12 -1
4 26 -1
4 10 1
5 27 -1
5 8 1
6 28 1
6 10 -1
7 29 1
7 8 -1
8 18 -1
8 15 1
9 0 1
9 13 -1
10 23 -1
10 16 1
11 3 -1
11 13 1
12 11 -1
12 7 1
13 21 -1
13 24 1
14 1 -1
14 22 1
15 5 1
15 17 -1
16 4 1
16 22 -1
17 29 -1
17 27 1
18 7 -1
18 25 1
19 5 -1
19 6 1
20 14 -1
20 9 1
21 9 -1
21 2 1
22 28 -1
22 26 1
23 6 -1
23 17 1
24 11 1
24 25 -1
25 0 -1
25 3 1
26 14 1
26 2 -1
27 23 1
27 19 -1
28 16 -1
28 19 1
29 15 -1
29 12 1
(-6,-2)=0 (-6,4)=1 (-5,3)=2 (-8,-2)=3 (-4,4)=4 (-12,0)=5 (-2,4)=6 (-10,0)=7 (-11,1)=8 (-6,0)=9 (-3,5)=10 (-8,0)=11 (-9,-1)=12 (-7,1)=13 (-4,0)=14 (-12,2)=15 (-2,0)=16 (-11,-3)=17 (-10,2)=18 (-1,3)=19 (-5,-1)=20 (-6,2)=21 (-3,1)=22 (0,0)=23 (-8,2)=24 (-9,3)=25 (-4,2)=26 (-12,-2)=27 (-2,2)=28 (-10,-2)=29