0 8 -1
0 3 1
1 19 1
1 5 -1
2 6 -1
2 1 1
3 23 1
3 16 -1
4 22 -1
4 5 1
5 9 -1
5 14 1
6 27 -1
6 10 1
7 28 1
7 10 -1
8 29 -1
8 12 1
9 1 -1
9 20 1
10 17 -1
10 15 1
11 3 -1
11 13 1
12 26 -1
12 18 1
13 23 -1
13 24 1
14 4 1
14 12 -1
15 6 1
15 20 -1
16 11 -1
16 7 1
17 7 -1
17 21 1
18 8 1
18 13 -1
19 15 -1
19 2 1
20 19 -1
20 22 1
21 28 -1
21 27 1
22 9 1
22 25 -1
23 18 -1
23 0 1
24 11 1
24 21 -1
25 4 -1
25 29 1
26 14 -1
26 25 1
27 17 1
27 2 -1
28 24 -1
28 16 1
29 26 1
29 0 -1
(-11,5)=0 (-6,4)=1 (-5,3)=2 (0,2)=3 (-8,4)=4 (-7,5)=5 (-4,4)=6 (-2,4)=7 (-10,6)=8 (-6,6)=9 (-3,5)=10 (0,4)=11 (-9,7)=12 (1,5)=13 (-8,6)=14 (-4,6)=15 (-1,3)=16 (-2,6)=17 (-10,8)=18 (-6,2)=19 (-5,7)=20 (-3,1)=21 (-6,8)=22 (0,0)=23 (0,6)=24 (-9,3)=25 (-8,8)=26 (-4,2)=27 (-2,2)=28 (-10,4)=29