0 16 1
0 25 -1
1 10 -1
1 9 1
2 19 1
2 5 -1
3 6 -1
3 2 1
4 0 -1
4 5 1
5 11 -1
5 14 1
6 27 -1
6 12 1
7 28 1
7 12 -1
8 16 -1
8 7 1
9 23 1
9 8 -1
10 29 -1
10 13 1
11 2 -1
11 20 1
12 24 -1
12 15 1
13 26 -1
13 18 1
14 4 1
14 13 -1
15 6 1
15 20 -1
16 9 -1
16 17 1
17 19 -1
17 0 1
18 10 1
18 17 -1
19 18 -1
19 3 1
20 23 -1
20 22 1
21 28 -1
21 27 1
22 11 1
22 21 -1
23 15 -1
23 1 1
24 7 -1
24 25 1
25 4 -1
25 29 1
26 14 -1
26 21 1
27 26 1
27 3 -1
28 22 -1
28 8 1
29 24 1
29 1 -1
(-12,10)=0 (-11,5)=1 (-6,4)=2 (-5,3)=3 (-8,4)=4 (-7,5)=5 (-4,4)=6 (-2,4)=7 (-13,7)=8 (-12,6)=9 (-10,6)=10 (-6,6)=11 (-3,5)=12 (-9,7)=13 (-8,6)=14 (-4,6)=15 (-12,8)=16 (-11,9)=17 (-10,8)=18 (-6,2)=19 (-5,7)=20 (-3,1)=21 (-6,8)=22 (0,0)=23 (-14,10)=24 (-9,3)=25 (-8,8)=26 (-4,2)=27 (-2,2)=28 (-10,4)=29