0 20 -1
0 19 1
1 8 -1
1 20 1
2 23 1
2 1 -1
3 22 1
3 17 -1
4 8 1
4 19 -1
5 29 1
5 13 -1
6 5 -1
6 10 1
7 0 1
7 9 -1
8 2 -1
8 9 1
9 18 -1
9 4 1
10 23 -1
10 11 1
11 6 1
11 14 -1
12 3 -1
12 14 1
13 6 -1
13 3 1
14 27 -1
14 25 1
15 4 -1
15 21 1
16 18 1
16 21 -1
17 12 -1
17 5 1
18 7 -1
18 26 1
19 15 -1
19 7 1
20 27 1
20 24 -1
21 29 -1
21 28 1
22 28 -1
22 13 1
23 25 -1
23 24 1
24 0 -1
24 2 1
25 12 1
25 10 -1
26 22 -1
26 16 1
27 11 -1
27 1 1
28 15 1
28 26 -1
29 16 -1
29 17 1
(-6,-2)=0 (3,7)=1 (4,6)=2 (0,2)=3 (-4,-2)=4 (-2,4)=5 (-10,-6)=6 (-6,0)=7 (4,8)=8 (5,9)=9 (-9,-5)=10 (2,4)=11 (0,4)=12 (-11,-7)=13 (1,5)=14 (-4,0)=15 (-2,0)=16 (-1,3)=17 (6,10)=18 (-5,-1)=19 (-6,-4)=20 (-3,1)=21 (0,0)=22 (-8,-4)=23 (-7,-3)=24 (0,6)=25 (7,11)=26 (2,6)=27 (-4,2)=28 (-2,2)=29