0 20 1
0 7 -1
1 8 -1
1 0 1
2 10 -1
2 23 1
3 23 -1
3 5 1
4 26 -1
4 7 1
5 17 -1
5 14 1
6 10 1
6 5 -1
7 12 -1
7 15 1
8 15 -1
8 13 1
9 3 -1
9 28 1
10 28 -1
10 11 1
11 25 -1
11 6 1
12 0 -1
12 21 1
13 19 -1
13 18 1
14 3 1
14 11 -1
15 4 1
15 1 -1
16 20 -1
16 26 1
17 6 -1
17 24 1
18 8 1
18 21 -1
19 22 -1
19 9 1
20 29 -1
20 1 1
21 27 -1
21 22 1
22 12 1
22 13 -1
23 27 1
23 9 -1
24 4 -1
24 29 1
25 14 -1
25 16 1
26 25 1
26 24 -1
27 18 -1
27 2 1
28 19 1
28 2 -1
29 17 1
29 16 -1
(-6,-8)=0 (-5,-9)=1 (-3,-3)=2 (0,-4)=3 (-8,-8)=4 (1,-3)=5 (2,-4)=6 (-7,-7)=7 (-4,-8)=8 (-1,-5)=9 (-2,-2)=10 (-1,-1)=11 (-6,-6)=12 (-3,-7)=13 (0,-2)=14 (-8,-6)=15 (-7,-11)=16 (2,-2)=17 (-4,-6)=18 (-2,-6)=19 (-6,-10)=20 (-5,-5)=21 (-6,-4)=22 (0,-6)=23 (-9,-9)=24 (0,0)=25 (-8,-10)=26 (-4,-4)=27 (-2,-4)=28 (-10,-8)=29