0 11 -1
0 6 1
1 21 1
1 0 -1
2 22 -1
2 10 1
3 2 -1
3 27 1
4 24 -1
4 5 1
5 17 -1
5 15 1
6 26 1
6 5 -1
7 25 -1
7 29 1
8 4 -1
8 9 1
9 28 1
9 12 -1
10 21 -1
10 13 1
11 1 -1
11 12 1
12 20 -1
12 22 1
13 2 1
13 16 -1
14 27 -1
14 16 1
15 4 1
15 7 -1
16 26 -1
16 24 1
17 6 -1
17 3 1
18 25 1
18 23 -1
19 14 -1
19 18 1
20 9 -1
20 7 1
21 29 -1
21 23 1
22 11 1
22 3 -1
23 28 -1
23 1 1
24 14 1
24 8 -1
25 15 -1
25 19 1
26 13 -1
26 0 1
27 17 1
27 19 -1
28 18 -1
28 8 1
29 20 1
29 10 -1
(3,-5)=0 (4,-6)=1 (4,0)=2 (3,-1)=3 (0,-4)=4 (1,-3)=5 (2,-4)=6 (7,-1)=7 (-1,-5)=8 (6,-4)=9 (3,-9)=10 (4,-4)=11 (5,-3)=12 (2,-8)=13 (0,-8)=14 (0,-2)=15 (1,-7)=16 (2,-2)=17 (6,-8)=18 (-1,-9)=19 (6,-2)=20 (4,-8)=21 (4,-2)=22 (5,-7)=23 (0,-6)=24 (0,0)=25 (2,-6)=26 (2,0)=27 (6,-6)=28 (6,0)=29