0 18 1
0 6 -1
1 8 -1
1 0 1
2 23 -1
2 22 1
3 11 -1
3 9 1
4 14 -1
4 6 1
5 26 1
5 12 -1
6 13 -1
6 16 1
7 25 1
7 15 -1
8 20 -1
8 15 1
9 28 1
9 22 -1
10 26 -1
10 29 1
11 29 -1
11 12 1
12 25 -1
12 20 1
13 0 -1
13 21 1
14 2 1
14 24 -1
15 19 -1
15 17 1
16 4 1
16 10 -1
17 8 1
17 21 -1
18 9 -1
18 1 1
19 7 -1
19 10 1
20 11 1
20 1 -1
21 28 -1
21 23 1
22 18 -1
22 14 1
23 13 1
23 27 -1
24 4 -1
24 7 1
25 5 -1
25 24 1
26 16 -1
26 27 1
27 2 -1
27 5 1
28 17 -1
28 3 1
29 19 1
29 3 -1
(-6,-8)=0 (-5,-9)=1 (-6,-2)=2 (-3,-3)=3 (-8,-8)=4 (-8,-2)=5 (-7,-7)=6 (-2,-8)=7 (-4,-8)=8 (-4,-2)=9 (-1,-5)=10 (-2,-2)=11 (-1,-1)=12 (-6,-6)=13 (-6,0)=14 (-3,-7)=15 (-8,-6)=16 (-4,-6)=17 (-4,0)=18 (-2,-6)=19 (-2,0)=20 (-5,-5)=21 (-5,-1)=22 (-6,-4)=23 (-9,-9)=24 (0,0)=25 (-8,-4)=26 (-7,-3)=27 (-4,-4)=28 (-2,-4)=29