0 10 -1
0 27 1
1 8 -1
1 6 1
2 20 1
2 5 -1
3 7 -1
3 2 1
4 23 -1
4 5 1
5 12 -1
5 14 1
6 28 1
6 19 -1
7 26 -1
7 19 1
8 27 -1
8 9 1
9 22 -1
9 17 1
10 29 -1
10 13 1
11 7 1
11 15 -1
12 2 -1
12 15 1
13 25 -1
13 18 1
14 4 1
14 13 -1
15 20 -1
15 23 1
16 6 -1
16 21 1
17 8 1
17 21 -1
18 10 1
18 9 -1
19 16 -1
19 11 1
20 11 -1
20 3 1
21 28 -1
21 26 1
22 18 -1
22 0 1
23 12 1
23 24 -1
24 4 -1
24 29 1
25 14 -1
25 24 1
26 16 1
26 3 -1
27 22 1
27 1 -1
28 17 -1
28 1 1
29 25 1
29 0 -1
(-11,5)=0 (-3,-3)=1 (-6,4)=2 (-5,3)=3 (-8,4)=4 (-7,5)=5 (-4,-2)=6 (-4,4)=7 (-2,-2)=8 (-1,-1)=9 (-10,6)=10 (-6,0)=11 (-6,6)=12 (-9,7)=13 (-8,6)=14 (-7,1)=15 (-4,0)=16 (-2,0)=17 (-10,8)=18 (-5,-1)=19 (-6,2)=20 (-3,1)=21 (0,0)=22 (-8,2)=23 (-9,3)=24 (-8,8)=25 (-4,2)=26 (-2,-4)=27 (-2,2)=28 (-10,4)=29