0 19 -1
0 2 1
1 0 -1
1 27 1
2 9 -1
2 11 1
3 23 -1
3 4 1
4 15 -1
4 14 1
5 20 1
5 4 -1
6 27 -1
6 12 1
7 22 1
7 10 -1
8 3 -1
8 7 1
9 28 -1
9 18 1
10 16 -1
10 19 1
11 0 1
11 12 -1
12 20 -1
12 23 1
13 24 1
13 18 -1
14 3 1
14 25 -1
15 5 -1
15 1 1
16 7 -1
16 25 1
17 9 1
17 21 -1
18 22 -1
18 17 1
19 29 1
19 1 -1
20 11 -1
20 21 1
21 29 -1
21 5 1
22 13 -1
22 8 1
23 6 1
23 8 -1
24 14 -1
24 26 1
25 24 -1
25 28 1
26 6 -1
26 13 1
27 15 1
27 26 -1
28 16 1
28 2 -1
29 17 -1
29 10 1
(4,0)=0 (3,-1)=1 (5,1)=2 (0,-4)=3 (1,-3)=4 (2,-4)=5 (2,2)=6 (8,6)=7 (-1,-5)=8 (6,2)=9 (7,7)=10 (4,2)=11 (3,3)=12 (8,2)=13 (0,-2)=14 (2,-2)=15 (8,8)=16 (6,4)=17 (7,3)=18 (4,-2)=19 (4,4)=20 (5,5)=21 (8,4)=22 (0,-6)=23 (0,0)=24 (9,9)=25 (1,1)=26 (2,0)=27 (6,0)=28 (6,6)=29