0 8 -1
0 6 1
1 21 1
1 5 -1
2 7 -1
2 1 1
3 18 -1
3 5 1
4 26 1
4 9 -1
5 12 -1
5 14 1
6 25 1
6 20 -1
7 28 -1
7 15 1
8 19 -1
8 9 1
9 25 -1
9 17 1
10 24 -1
10 13 1
11 29 1
11 15 -1
12 1 -1
12 22 1
13 26 -1
13 19 1
14 3 1
14 13 -1
15 21 -1
15 18 1
16 6 -1
16 23 1
17 8 1
17 23 -1
18 7 1
18 22 -1
19 10 1
19 0 -1
20 16 -1
20 11 1
21 11 -1
21 2 1
22 3 -1
22 24 1
23 29 -1
23 28 1
24 12 1
24 27 -1
25 4 -1
25 0 1
26 14 -1
26 27 1
27 10 -1
27 4 1
28 16 1
28 2 -1
29 17 -1
29 20 1
(-3,-3)=0 (-6,4)=1 (-5,3)=2 (-8,4)=3 (-8,10)=4 (-7,5)=5 (-4,-2)=6 (-4,4)=7 (-2,-2)=8 (-1,-1)=9 (-10,6)=10 (-6,0)=11 (-6,6)=12 (-9,7)=13 (-8,6)=14 (-7,1)=15 (-4,0)=16 (-2,0)=17 (-4,6)=18 (-10,8)=19 (-5,-1)=20 (-6,2)=21 (-5,7)=22 (-3,1)=23 (-6,8)=24 (0,0)=25 (-8,8)=26 (-7,9)=27 (-4,2)=28 (-2,2)=29