0 21 1
0 6 -1
1 8 -1
1 0 1
2 10 -1
2 3 1
3 28 1
3 4 -1
4 15 -1
4 9 1
5 25 -1
5 6 1
6 13 -1
6 7 1
7 5 1
7 14 -1
8 26 -1
8 14 1
9 27 1
9 11 -1
10 29 -1
10 11 1
11 24 -1
11 12 1
12 10 1
12 16 -1
13 0 -1
13 22 1
14 20 -1
14 19 1
15 3 -1
15 16 1
16 21 -1
16 25 1
17 27 -1
17 29 1
18 13 1
18 17 -1
19 8 1
19 22 -1
20 7 -1
20 17 1
21 12 -1
21 1 1
22 28 -1
22 18 1
23 5 -1
23 26 1
24 9 -1
24 23 1
25 15 1
25 23 -1
26 24 1
26 1 -1
27 18 -1
27 4 1
28 19 -1
28 2 1
29 20 1
29 2 -1
(-6,-8)=0 (-5,-9)=1 (-3,-3)=2 (-8,-14)=3 (-9,-13)=4 (-8,-8)=5 (-7,-7)=6 (-12,-18)=7 (-4,-8)=8 (-10,-12)=9 (-2,-2)=10 (-1,-1)=11 (-6,-12)=12 (-6,-6)=13 (-3,-7)=14 (-8,-12)=15 (-7,-11)=16 (-11,-15)=17 (-10,-16)=18 (-4,-6)=19 (-2,-6)=20 (-6,-10)=21 (-5,-5)=22 (-9,-9)=23 (0,0)=24 (-8,-10)=25 (-4,-10)=26 (-10,-14)=27 (-4,-4)=28 (-2,-4)=29