0 21 -1
0 2 1
1 22 1
1 18 -1
2 19 -1
2 12 1
3 23 -1
3 11 1
4 24 -1
4 5 1
5 8 -1
5 15 1
6 27 1
6 5 -1
7 0 -1
7 6 1
8 6 -1
8 29 1
9 28 1
9 2 -1
10 4 -1
10 23 1
11 25 -1
11 13 1
12 0 1
12 29 -1
13 3 1
13 16 -1
14 1 -1
14 16 1
15 4 1
15 11 -1
16 27 -1
16 24 1
17 8 1
17 20 -1
18 14 -1
18 9 1
19 9 -1
19 10 1
20 28 -1
20 21 1
21 25 1
21 7 -1
22 12 -1
22 26 1
23 19 1
23 26 -1
24 14 1
24 10 -1
25 15 -1
25 20 1
26 3 -1
26 1 1
27 13 -1
27 7 1
28 17 -1
28 18 1
29 22 -1
29 17 1
(0,-16)=0 (0,-10)=1 (1,-15)=2 (2,-10)=3 (0,-4)=4 (1,-3)=5 (2,-4)=6 (-1,-17)=7 (-2,-14)=8 (-2,-8)=9 (-1,-5)=10 (3,-9)=11 (0,-14)=12 (2,-8)=13 (0,-8)=14 (0,-2)=15 (1,-7)=16 (-2,-12)=17 (-1,-9)=18 (-2,-6)=19 (-3,-11)=20 (0,-18)=21 (0,-12)=22 (2,-12)=23 (0,-6)=24 (0,0)=25 (1,-11)=26 (2,-6)=27 (-2,-10)=28 (-1,-13)=29