0 12 -1
0 7 1
1 22 -1
1 3 1
2 1 -1
2 27 1
3 11 -1
3 24 1
4 23 -1
4 16 1
5 24 -1
5 6 1
6 19 -1
6 17 1
7 11 1
7 6 -1
8 4 -1
8 28 1
9 5 -1
9 29 1
10 18 1
10 13 -1
11 28 -1
11 0 1
12 15 -1
12 13 1
13 20 -1
13 22 1
14 21 -1
14 23 1
15 4 1
15 0 -1
16 18 -1
16 15 1
17 5 1
17 26 -1
18 29 -1
18 26 1
19 7 -1
19 2 1
20 10 -1
20 8 1
21 27 -1
21 9 1
22 12 1
22 2 -1
23 25 1
23 8 -1
24 1 1
24 9 -1
25 17 -1
25 14 1
26 25 -1
26 10 1
27 19 1
27 14 -1
28 20 1
28 3 -1
29 21 1
29 16 -1
(3,-5)=0 (4,0)=1 (3,-1)=2 (5,1)=3 (8,0)=4 (0,-4)=5 (1,-3)=6 (2,-4)=7 (7,-1)=8 (-1,-5)=9 (6,-4)=10 (6,2)=11 (4,-4)=12 (5,-3)=13 (-3,-7)=14 (8,2)=15 (9,1)=16 (0,-2)=17 (10,2)=18 (2,-2)=19 (6,-2)=20 (-2,-6)=21 (4,-2)=22 (8,-2)=23 (0,-6)=24 (0,0)=25 (11,3)=26 (2,0)=27 (6,0)=28 (-2,-4)=29