0 18 1
0 5 -1
1 6 -1
1 0 1
2 21 -1
2 20 1
3 8 -1
3 7 1
4 25 -1
4 5 1
5 10 -1
5 13 1
6 27 -1
6 12 1
7 28 1
7 20 -1
8 29 -1
8 9 1
9 24 -1
9 17 1
10 0 -1
10 19 1
11 2 1
11 9 -1
12 16 -1
12 14 1
13 4 1
13 12 -1
14 6 1
14 19 -1
15 7 -1
15 22 1
16 13 -1
16 26 1
17 8 1
17 22 -1
18 17 -1
18 1 1
19 28 -1
19 21 1
20 15 -1
20 11 1
21 10 1
21 26 -1
22 18 -1
22 25 1
23 4 -1
23 27 1
24 11 -1
24 23 1
25 15 1
25 23 -1
26 2 -1
26 29 1
27 24 1
27 1 -1
28 14 -1
28 3 1
29 16 1
29 3 -1
(-6,-8)=0 (-5,-9)=1 (-6,-2)=2 (-3,-3)=3 (-8,-8)=4 (-7,-7)=5 (-4,-8)=6 (-4,-2)=7 (-2,-2)=8 (-1,-1)=9 (-6,-6)=10 (-6,0)=11 (-3,-7)=12 (-8,-6)=13 (-4,-6)=14 (-4,0)=15 (-2,-6)=16 (-2,0)=17 (-6,-10)=18 (-5,-5)=19 (-5,-1)=20 (-6,-4)=21 (-3,1)=22 (-9,-9)=23 (0,0)=24 (-8,-10)=25 (-7,-3)=26 (-4,-10)=27 (-4,-4)=28 (-2,-4)=29