0 17 -1
0 1 1
1 12 -1
1 10 1
2 18 -1
2 21 1
3 22 1
3 11 -1
4 8 -1
4 7 1
5 14 -1
5 3 1
6 26 -1
6 11 1
7 25 1
7 21 -1
8 23 -1
8 9 1
9 25 -1
9 18 1
10 0 1
10 9 -1
11 20 -1
11 17 1
12 29 -1
12 19 1
13 2 1
13 15 -1
14 28 -1
14 15 1
15 22 -1
15 26 1
16 7 -1
16 24 1
17 6 1
17 19 -1
18 8 1
18 24 -1
19 0 -1
19 23 1
20 3 -1
20 27 1
21 16 -1
21 13 1
22 13 -1
22 5 1
23 12 1
23 4 -1
24 2 -1
24 28 1
25 10 -1
25 4 1
26 14 1
26 27 -1
27 6 -1
27 29 1
28 16 1
28 5 -1
29 20 1
29 1 -1
(-12,4)=0 (-11,5)=1 (-6,-2)=2 (-6,4)=3 (-3,-3)=4 (-5,3)=5 (-8,4)=6 (-4,-2)=7 (-2,-2)=8 (-1,-1)=9 (-12,6)=10 (-11,1)=11 (-10,6)=12 (-6,0)=13 (-8,0)=14 (-7,1)=15 (-4,0)=16 (-12,2)=17 (-2,0)=18 (-13,3)=19 (-10,2)=20 (-5,-1)=21 (-6,2)=22 (-14,4)=23 (-3,1)=24 (0,0)=25 (-8,2)=26 (-9,3)=27 (-4,2)=28 (-10,4)=29