0 17 1
0 22 -1
1 10 -1
1 5 1
2 18 1
2 1 -1
3 21 1
3 16 -1
4 7 -1
4 9 1
5 27 1
5 20 -1
6 12 -1
6 8 1
7 29 1
7 23 -1
8 28 1
8 11 -1
9 18 -1
9 13 1
10 2 -1
10 11 1
11 17 -1
11 19 1
12 19 -1
12 22 1
13 4 1
13 15 -1
14 3 -1
14 15 1
15 27 -1
15 25 1
16 14 -1
16 7 1
17 8 -1
17 26 1
18 25 -1
18 20 1
19 10 1
19 6 -1
20 28 -1
20 2 1
21 0 -1
21 23 1
22 21 -1
22 24 1
23 4 -1
23 3 1
24 12 1
24 26 -1
25 14 1
25 9 -1
26 29 -1
26 0 1
27 13 -1
27 1 1
28 5 -1
28 6 1
29 24 -1
29 16 1
(6,12)=0 (3,7)=1 (4,6)=2 (0,2)=3 (2,2)=4 (2,8)=5 (7,7)=6 (-2,4)=7 (6,8)=8 (3,3)=9 (4,8)=10 (5,9)=11 (8,8)=12 (2,4)=13 (0,4)=14 (1,5)=15 (-1,3)=16 (6,10)=17 (4,4)=18 (4,10)=19 (5,5)=20 (0,0)=21 (9,9)=22 (1,1)=23 (8,10)=24 (0,6)=25 (7,11)=26 (2,6)=27 (6,6)=28 (-2,2)=29