0 11 -1
0 7 1
1 25 1
1 0 -1
2 22 -1
2 4 1
3 2 -1
3 27 1
4 10 -1
4 12 1
5 24 -1
5 6 1
6 18 -1
6 16 1
7 26 1
7 6 -1
8 28 1
8 13 -1
9 5 -1
9 29 1
10 29 -1
10 21 1
11 1 -1
11 13 1
12 2 1
12 19 -1
13 20 -1
13 22 1
14 10 1
14 17 -1
15 12 -1
15 17 1
16 5 1
16 21 -1
17 26 -1
17 24 1
18 7 -1
18 3 1
19 15 -1
19 8 1
20 8 -1
20 9 1
21 25 -1
21 14 1
22 11 1
22 3 -1
23 28 -1
23 1 1
24 15 1
24 9 -1
25 16 -1
25 23 1
26 14 -1
26 0 1
27 18 1
27 23 -1
28 27 -1
28 19 1
29 20 1
29 4 -1
(3,-5)=0 (4,-6)=1 (4,0)=2 (3,-1)=3 (5,1)=4 (0,-4)=5 (1,-3)=6 (2,-4)=7 (-2,-8)=8 (-1,-5)=9 (6,2)=10 (4,-4)=11 (4,2)=12 (5,-3)=13 (2,-8)=14 (0,-8)=15 (0,-2)=16 (1,-7)=17 (2,-2)=18 (-1,-9)=19 (-2,-6)=20 (7,3)=21 (4,-2)=22 (-3,-11)=23 (0,-6)=24 (0,0)=25 (2,-6)=26 (2,0)=27 (-2,-10)=28 (6,0)=29