0 20 1
0 5 -1
1 6 -1
1 0 1
2 23 -1
2 12 1
3 25 -1
3 8 1
4 25 1
4 19 -1
5 10 -1
5 13 1
6 27 -1
6 11 1
7 28 1
7 11 -1
8 29 1
8 12 -1
9 24 1
9 17 -1
10 0 -1
10 21 1
11 18 -1
11 16 1
12 24 -1
12 15 1
13 18 1
13 3 -1
14 4 -1
14 22 1
15 2 1
15 22 -1
16 6 1
16 21 -1
17 20 -1
17 7 1
18 7 -1
18 5 1
19 14 -1
19 9 1
20 9 -1
20 1 1
21 29 -1
21 23 1
22 28 -1
22 27 1
23 10 1
23 26 -1
24 8 -1
24 19 1
25 13 -1
25 26 1
26 2 -1
26 4 1
27 14 1
27 1 -1
28 15 -1
28 17 1
29 16 -1
29 3 1
(-6,4)=0 (-5,3)=1 (-6,10)=2 (-3,9)=3 (-8,10)=4 (-7,5)=5 (-4,4)=6 (-2,4)=7 (-4,10)=8 (-6,0)=9 (-6,6)=10 (-3,5)=11 (-5,11)=12 (-8,6)=13 (-4,0)=14 (-2,0)=15 (-4,6)=16 (-1,3)=17 (-2,6)=18 (-5,-1)=19 (-6,2)=20 (-5,7)=21 (-3,1)=22 (-6,8)=23 (0,0)=24 (-8,8)=25 (-7,9)=26 (-4,2)=27 (-2,2)=28 (-4,8)=29