0 9 -1
0 4 1
1 17 1
1 0 -1
2 21 1
2 15 -1
3 27 -1
3 8 1
4 26 1
4 5 -1
5 11 -1
5 7 1
6 29 1
6 8 -1
7 28 1
7 10 -1
8 17 -1
8 12 1
9 1 -1
9 10 1
10 16 -1
10 18 1
11 4 -1
11 22 1
12 3 1
12 14 -1
13 2 -1
13 14 1
14 26 -1
14 25 1
15 13 -1
15 6 1
16 7 -1
16 20 1
17 6 -1
17 19 1
18 9 1
18 22 -1
19 28 -1
19 1 1
20 29 -1
20 27 1
21 18 -1
21 23 1
22 21 -1
22 24 1
23 3 -1
23 2 1
24 11 1
24 20 -1
25 13 1
25 19 -1
26 12 -1
26 0 1
27 16 1
27 23 -1
28 25 -1
28 5 1
29 24 -1
29 15 1
(3,7)=0 (4,6)=1 (0,2)=2 (2,2)=3 (2,8)=4 (7,7)=5 (-2,4)=6 (6,8)=7 (3,3)=8 (4,8)=9 (5,9)=10 (8,8)=11 (2,4)=12 (0,4)=13 (1,5)=14 (-1,3)=15 (6,10)=16 (4,4)=17 (4,10)=18 (5,5)=19 (-3,1)=20 (0,0)=21 (9,9)=22 (1,1)=23 (8,10)=24 (0,6)=25 (2,6)=26 (-4,2)=27 (6,6)=28 (-2,2)=29