0 12 -1
0 7 1
1 9 1
1 0 -1
2 9 -1
2 15 1
3 4 -1
3 27 1
4 23 -1
4 20 1
5 24 -1
5 6 1
6 19 -1
6 17 1
7 26 1
7 6 -1
8 4 1
8 14 -1
9 27 -1
9 14 1
10 25 -1
10 28 1
11 5 -1
11 29 1
12 1 -1
12 13 1
13 21 -1
13 23 1
14 22 -1
14 1 1
15 25 1
15 18 -1
16 28 -1
16 18 1
17 5 1
17 10 -1
18 26 -1
18 24 1
19 7 -1
19 3 1
20 16 -1
20 8 1
21 29 -1
21 10 1
22 8 -1
22 11 1
23 12 1
23 3 -1
24 16 1
24 11 -1
25 17 -1
25 2 1
26 15 -1
26 0 1
27 19 1
27 2 -1
28 21 1
28 20 -1
29 22 1
29 13 -1
(3,-5)=0 (4,-6)=1 (-5,-9)=2 (3,-1)=3 (4,0)=4 (0,-4)=5 (1,-3)=6 (2,-4)=7 (-2,-8)=8 (-4,-8)=9 (7,-1)=10 (-1,-5)=11 (4,-4)=12 (5,-3)=13 (-3,-7)=14 (2,-8)=15 (0,-8)=16 (0,-2)=17 (1,-7)=18 (2,-2)=19 (-1,-9)=20 (6,-2)=21 (-2,-6)=22 (4,-2)=23 (0,-6)=24 (0,0)=25 (2,-6)=26 (2,0)=27 (6,0)=28 (-2,-4)=29