0 23 1
0 5 -1
1 21 -1
1 20 1
2 7 -1
2 6 1
3 17 -1
3 5 1
4 24 1
4 8 -1
5 10 -1
5 13 1
6 26 1
6 20 -1
7 18 -1
7 8 1
8 23 -1
8 17 1
9 29 -1
9 12 1
10 0 -1
10 19 1
11 1 1
11 15 -1
12 24 -1
12 18 1
13 3 1
13 12 -1
14 27 1
14 19 -1
15 27 -1
15 0 1
16 6 -1
16 22 1
17 7 1
17 22 -1
18 9 1
18 2 -1
19 26 -1
19 21 1
20 16 -1
20 11 1
21 10 1
21 25 -1
22 3 -1
22 29 1
23 4 -1
23 15 1
24 13 -1
24 25 1
25 1 -1
25 4 1
26 14 -1
26 2 1
27 11 -1
27 28 1
28 9 -1
28 14 1
29 16 1
29 28 -1
(-6,-8)=0 (-6,-2)=1 (-3,-3)=2 (-8,-8)=3 (-8,-2)=4 (-7,-7)=5 (-4,-2)=6 (-2,-2)=7 (-1,-1)=8 (-10,-6)=9 (-6,-6)=10 (-6,0)=11 (-9,-5)=12 (-8,-6)=13 (-4,-6)=14 (-13,-9)=15 (-4,0)=16 (-2,0)=17 (-10,-4)=18 (-5,-5)=19 (-5,-1)=20 (-6,-4)=21 (-9,-9)=22 (0,0)=23 (-8,-4)=24 (-7,-3)=25 (-4,-4)=26 (-12,-8)=27 (-11,-7)=28 (-10,-8)=29