0 18 1
0 3 -1
1 4 -1
1 0 1
2 23 -1
2 3 1
3 7 -1
3 10 1
4 27 -1
4 8 1
5 29 -1
5 9 1
6 15 1
6 11 -1
7 0 -1
7 19 1
8 5 -1
8 14 1
9 25 -1
9 17 1
10 2 1
10 9 -1
11 18 -1
11 23 1
12 17 -1
12 20 1
13 25 1
13 20 -1
14 4 1
14 19 -1
15 14 -1
15 16 1
16 12 -1
16 6 1
17 5 1
17 16 -1
18 6 -1
18 1 1
19 15 -1
19 21 1
20 28 -1
20 27 1
21 7 1
21 26 -1
22 21 -1
22 11 1
23 22 1
23 24 -1
24 2 -1
24 29 1
25 10 -1
25 26 1
26 22 -1
26 13 1
27 12 1
27 1 -1
28 13 -1
28 24 1
29 28 1
29 8 -1
(-6,4)=0 (-5,3)=1 (-8,4)=2 (-7,5)=3 (-4,4)=4 (-10,6)=5 (-6,0)=6 (-6,6)=7 (-3,5)=8 (-9,7)=9 (-8,6)=10 (-7,1)=11 (-4,0)=12 (-2,0)=13 (-4,6)=14 (-12,8)=15 (-11,9)=16 (-10,8)=17 (-6,2)=18 (-5,7)=19 (-3,1)=20 (-6,8)=21 (0,0)=22 (-8,2)=23 (-9,3)=24 (-8,8)=25 (-7,9)=26 (-4,2)=27 (-2,2)=28 (-10,4)=29