0 22 1
0 4 -1
1 24 -1
1 8 1
2 14 1
2 9 -1
3 10 -1
3 2 1
4 14 -1
4 12 1
5 24 1
5 21 -1
6 25 -1
6 7 1
7 28 -1
7 27 1
8 26 1
8 7 -1
9 15 -1
9 5 1
10 27 -1
10 16 1
11 28 1
11 16 -1
12 29 1
12 1 -1
13 6 -1
13 0 1
14 0 -1
14 3 1
15 2 -1
15 23 1
16 22 -1
16 20 1
17 15 1
17 19 -1
18 5 -1
18 19 1
19 26 -1
19 25 1
20 10 1
20 23 -1
21 18 -1
21 11 1
22 11 -1
22 13 1
23 29 -1
23 17 1
24 12 -1
24 9 1
25 18 1
25 13 -1
26 17 -1
26 1 1
27 6 1
27 3 -1
28 8 -1
28 21 1
29 20 -1
29 4 1
(-2,8)=0 (3,7)=1 (-6,4)=2 (-5,3)=3 (-3,9)=4 (0,2)=5 (0,8)=6 (1,9)=7 (2,8)=8 (-7,5)=9 (-4,4)=10 (-2,4)=11 (-4,10)=12 (-1,7)=13 (-2,10)=14 (-6,6)=15 (-3,5)=16 (2,4)=17 (0,4)=18 (1,5)=19 (-4,6)=20 (-1,3)=21 (-2,6)=22 (-5,7)=23 (0,0)=24 (0,6)=25 (2,6)=26 (-4,2)=27 (-2,2)=28 (-4,8)=29