0 26 -1
0 19 1
1 20 1
1 4 -1
2 22 1
2 12 -1
3 27 1
3 19 -1
4 10 -1
4 3 1
5 28 -1
5 8 1
6 5 -1
6 1 1
7 29 1
7 8 -1
8 18 -1
8 15 1
9 0 1
9 13 -1
10 1 -1
10 17 1
11 2 -1
11 13 1
12 11 -1
12 7 1
13 20 -1
13 23 1
14 3 -1
14 21 1
15 5 1
15 17 -1
16 10 1
16 21 -1
17 22 -1
17 16 1
18 7 -1
18 25 1
19 14 -1
19 9 1
20 9 -1
20 6 1
21 29 -1
21 28 1
22 15 -1
22 24 1
23 11 1
23 25 -1
24 0 -1
24 2 1
25 27 -1
25 26 1
26 18 1
26 24 -1
27 23 -1
27 4 1
28 14 1
28 6 -1
29 16 -1
29 12 1
(-6,-2)=0 (-14,0)=1 (-8,-2)=2 (-4,-2)=3 (-15,1)=4 (-12,0)=5 (-13,-1)=6 (-10,0)=7 (-11,1)=8 (-6,0)=9 (-14,2)=10 (-8,0)=11 (-9,-1)=12 (-7,1)=13 (-4,0)=14 (-12,2)=15 (-2,0)=16 (-13,3)=17 (-10,2)=18 (-5,-1)=19 (-6,2)=20 (-3,1)=21 (0,0)=22 (-8,2)=23 (-7,-3)=24 (-9,3)=25 (-18,0)=26 (-16,0)=27 (-12,-2)=28 (-10,-2)=29