0 20 1
0 25 -1
1 0 -1
1 21 1
2 8 -1
2 6 1
3 24 1
3 19 -1
4 26 -1
4 5 1
5 15 -1
5 7 1
6 27 1
6 5 -1
7 4 1
7 21 -1
8 28 -1
8 12 1
9 29 1
9 12 -1
10 4 -1
10 0 1
11 1 1
11 14 -1
12 20 -1
12 18 1
13 3 -1
13 14 1
14 27 -1
14 26 1
15 6 -1
15 22 1
16 7 -1
16 23 1
17 15 1
17 23 -1
18 8 1
18 22 -1
19 13 -1
19 9 1
20 9 -1
20 10 1
21 16 -1
21 11 1
22 24 -1
22 17 1
23 29 -1
23 28 1
24 18 -1
24 25 1
25 1 -1
25 3 1
26 13 1
26 10 -1
27 11 -1
27 2 1
28 16 1
28 2 -1
29 17 -1
29 19 1
(-2,8)=0 (-6,-2)=1 (-5,3)=2 (0,2)=3 (0,8)=4 (1,9)=5 (2,8)=6 (-4,-2)=7 (-4,4)=8 (-2,4)=9 (-1,7)=10 (-6,0)=11 (-3,5)=12 (0,4)=13 (1,5)=14 (2,10)=15 (-4,0)=16 (-2,0)=17 (-4,6)=18 (-1,3)=19 (-2,6)=20 (-5,-1)=21 (3,11)=22 (-3,1)=23 (0,0)=24 (-7,-3)=25 (0,6)=26 (2,6)=27 (-4,2)=28 (-2,2)=29