0 8 -1
0 7 1
1 21 1
1 4 -1
2 5 -1
2 1 1
3 24 -1
3 4 1
4 10 -1
4 13 1
5 27 -1
5 0 1
6 18 -1
6 11 1
7 5 1
7 6 -1
8 29 -1
8 12 1
9 26 1
9 14 -1
10 1 -1
10 6 1
11 10 1
11 16 -1
12 26 -1
12 20 1
13 3 1
13 12 -1
14 21 -1
14 24 1
15 11 -1
15 22 1
16 15 -1
16 9 1
17 18 1
17 22 -1
18 7 -1
18 19 1
19 23 -1
19 17 1
20 8 1
20 19 -1
21 9 -1
21 2 1
22 28 -1
22 27 1
23 20 -1
23 14 1
24 23 1
24 25 -1
25 3 -1
25 29 1
26 13 -1
26 16 1
27 15 1
27 2 -1
28 17 -1
28 25 1
29 28 1
29 0 -1
(-11,5)=0 (-6,4)=1 (-5,3)=2 (-8,4)=3 (-7,5)=4 (-4,4)=5 (-13,7)=6 (-12,6)=7 (-10,6)=8 (-6,0)=9 (-6,6)=10 (-14,8)=11 (-9,7)=12 (-8,6)=13 (-7,1)=14 (-4,0)=15 (-15,9)=16 (-2,0)=17 (-12,8)=18 (-11,9)=19 (-10,8)=20 (-6,2)=21 (-3,1)=22 (0,0)=23 (-8,2)=24 (-9,3)=25 (-8,8)=26 (-4,2)=27 (-2,2)=28 (-10,4)=29