0 19 -1
0 2 1
1 0 -1
1 27 1
2 9 -1
2 11 1
3 23 -1
3 5 1
4 3 -1
4 8 1
5 15 -1
5 14 1
6 7 1
6 5 -1
7 27 -1
7 12 1
8 22 1
8 10 -1
9 28 -1
9 18 1
10 16 -1
10 28 1
11 0 1
11 12 -1
12 20 -1
12 6 1
13 16 1
13 18 -1
14 3 1
14 25 -1
15 6 -1
15 1 1
16 8 -1
16 25 1
17 9 1
17 21 -1
18 22 -1
18 17 1
19 20 1
19 1 -1
20 11 -1
20 21 1
21 29 -1
21 19 1
22 13 -1
22 4 1
23 24 1
23 4 -1
24 14 -1
24 26 1
25 24 -1
25 13 1
26 7 -1
26 23 1
27 15 1
27 26 -1
28 29 1
28 2 -1
29 17 -1
29 10 1
(4,0)=0 (3,-1)=1 (5,1)=2 (0,-4)=3 (9,5)=4 (1,-3)=5 (2,-4)=6 (2,2)=7 (8,6)=8 (6,2)=9 (7,7)=10 (4,2)=11 (3,3)=12 (8,2)=13 (0,-2)=14 (2,-2)=15 (8,8)=16 (6,4)=17 (7,3)=18 (4,-2)=19 (4,4)=20 (5,5)=21 (8,4)=22 (0,-6)=23 (0,0)=24 (9,9)=25 (1,1)=26 (2,0)=27 (6,0)=28 (6,6)=29