0 12 -1
0 8 1
1 22 -1
1 3 1
2 1 -1
2 28 1
3 11 -1
3 13 1
4 23 -1
4 16 1
5 25 -1
5 7 1
6 26 -1
6 23 1
7 19 -1
7 17 1
8 27 1
8 7 -1
9 4 -1
9 29 1
10 11 1
10 14 -1
11 29 -1
11 21 1
12 13 -1
12 14 1
13 1 1
13 0 -1
14 20 -1
14 22 1
15 4 1
15 21 -1
16 5 -1
16 15 1
17 5 1
17 6 -1
18 27 -1
18 25 1
19 8 -1
19 2 1
20 10 -1
20 9 1
21 24 -1
21 10 1
22 12 1
22 2 -1
23 24 1
23 9 -1
24 15 -1
24 6 1
25 26 1
25 16 -1
26 17 -1
26 18 1
27 28 -1
27 0 1
28 19 1
28 18 -1
29 20 1
29 3 -1
(3,-5)=0 (4,0)=1 (3,-1)=2 (5,1)=3 (8,0)=4 (0,-4)=5 (9,5)=6 (1,-3)=7 (2,-4)=8 (7,-1)=9 (6,-4)=10 (6,2)=11 (4,-4)=12 (4,2)=13 (5,-3)=14 (8,2)=15 (9,1)=16 (0,-2)=17 (1,-7)=18 (2,-2)=19 (6,-2)=20 (7,3)=21 (4,-2)=22 (8,-2)=23 (8,4)=24 (0,-6)=25 (0,0)=26 (2,-6)=27 (2,0)=28 (6,0)=29