0 9 -1
0 6 1
1 20 1
1 5 -1
2 7 -1
2 1 1
3 22 -1
3 14 1
4 24 -1
4 5 1
5 12 -1
5 15 1
6 7 1
6 19 -1
7 27 -1
7 0 1
8 3 -1
8 28 1
9 28 -1
9 10 1
10 23 -1
10 18 1
11 12 1
11 16 -1
12 1 -1
12 19 1
13 3 1
13 10 -1
14 26 -1
14 13 1
15 4 1
15 14 -1
16 20 -1
16 24 1
17 6 -1
17 21 1
18 9 1
18 21 -1
19 17 -1
19 11 1
20 11 -1
20 2 1
21 29 -1
21 27 1
22 23 1
22 8 -1
23 13 -1
23 25 1
24 26 1
24 25 -1
25 4 -1
25 22 1
26 15 -1
26 16 1
27 17 1
27 2 -1
28 29 1
28 0 -1
29 18 -1
29 8 1
(-3,-3)=0 (-6,4)=1 (-5,3)=2 (0,-4)=3 (-8,4)=4 (-7,5)=5 (-4,-2)=6 (-4,4)=7 (-1,-5)=8 (-2,-2)=9 (-1,-1)=10 (-6,0)=11 (-6,6)=12 (0,-2)=13 (-9,7)=14 (-8,6)=15 (-7,1)=16 (-4,0)=17 (-2,0)=18 (-5,-1)=19 (-6,2)=20 (-3,1)=21 (0,-6)=22 (0,0)=23 (-8,2)=24 (-9,3)=25 (-8,8)=26 (-4,2)=27 (-2,-4)=28 (-2,2)=29