0 21 -1
0 3 1
1 0 -1
1 26 1
2 18 -1
2 4 1
3 22 -1
3 12 1
4 22 1
4 7 -1
5 24 1
5 2 -1
6 26 -1
6 14 1
7 15 -1
7 9 1
8 24 -1
8 29 1
9 28 1
9 13 -1
10 16 -1
10 23 1
11 17 -1
11 13 1
12 0 1
12 14 -1
13 20 -1
13 21 1
14 28 -1
14 17 1
15 4 -1
15 10 1
16 27 -1
16 1 1
17 6 1
17 19 -1
18 5 -1
18 19 1
19 11 -1
19 27 1
20 9 -1
20 8 1
21 11 1
21 1 -1
22 29 -1
22 2 1
23 15 1
23 8 -1
24 23 -1
24 25 1
25 6 -1
25 5 1
26 16 1
26 25 -1
27 18 1
27 10 -1
28 12 -1
28 7 1
29 20 1
29 3 -1
(4,0)=0 (3,-1)=1 (9,-7)=2 (5,1)=3 (8,-6)=4 (0,2)=5 (2,2)=6 (7,-5)=7 (7,-1)=8 (6,-4)=9 (-1,7)=10 (4,-4)=11 (4,2)=12 (5,-3)=13 (3,3)=14 (8,-4)=15 (2,-2)=16 (2,4)=17 (0,4)=18 (1,5)=19 (6,-2)=20 (4,-2)=21 (8,-8)=22 (8,-2)=23 (0,0)=24 (1,1)=25 (2,0)=26 (0,6)=27 (6,-6)=28 (6,0)=29