0 13 -1
0 6 1
1 21 1
1 0 -1
2 7 -1
2 11 1
3 10 -1
3 27 1
4 24 -1
4 5 1
5 18 -1
5 16 1
6 26 1
6 5 -1
7 27 -1
7 20 1
8 4 -1
8 29 1
9 25 -1
9 14 1
10 29 -1
10 9 1
11 23 1
11 12 -1
12 21 -1
12 15 1
13 1 -1
13 17 1
14 10 1
14 20 -1
15 28 1
15 17 -1
16 4 1
16 9 -1
17 26 -1
17 24 1
18 6 -1
18 8 1
19 7 1
19 22 -1
20 23 -1
20 19 1
21 11 -1
21 22 1
22 28 -1
22 1 1
23 14 -1
23 2 1
24 13 1
24 8 -1
25 16 -1
25 3 1
26 15 -1
26 0 1
27 25 1
27 2 -1
28 19 -1
28 12 1
29 18 1
29 3 -1
(3,-5)=0 (4,-6)=1 (5,-11)=2 (-3,-3)=3 (0,-4)=4 (1,-3)=5 (2,-4)=6 (6,-10)=7 (-1,-5)=8 (-1,-1)=9 (-2,-2)=10 (4,-10)=11 (3,-9)=12 (4,-4)=13 (8,-10)=14 (2,-8)=15 (0,-2)=16 (1,-7)=17 (2,-2)=18 (6,-8)=19 (7,-9)=20 (4,-8)=21 (5,-7)=22 (8,-8)=23 (0,-6)=24 (0,0)=25 (2,-6)=26 (6,-12)=27 (6,-6)=28 (-2,-4)=29