0 22 1
0 5 -1
1 2 -1
1 26 1
2 21 -1
2 3 1
3 24 -1
3 12 1
4 23 1
4 8 -1
5 15 -1
5 29 1
6 24 1
6 20 -1
7 26 -1
7 14 1
8 22 -1
8 9 1
9 28 1
9 13 -1
10 11 -1
10 0 1
11 27 -1
11 13 1
12 2 1
12 14 -1
13 19 -1
13 21 1
14 23 -1
14 16 1
15 0 -1
15 1 1
16 7 1
16 18 -1
17 6 -1
17 18 1
18 28 -1
18 27 1
19 9 -1
19 5 1
20 17 -1
20 4 1
21 11 1
21 1 -1
22 4 -1
22 10 1
23 12 -1
23 20 1
24 29 -1
24 25 1
25 7 -1
25 6 1
26 15 1
26 25 -1
27 17 1
27 10 -1
28 16 -1
28 8 1
29 19 1
29 3 -1
(-2,8)=0 (3,-1)=1 (4,0)=2 (5,1)=3 (8,-6)=4 (-3,9)=5 (0,2)=6 (2,2)=7 (7,-5)=8 (6,-4)=9 (-1,7)=10 (4,-4)=11 (4,2)=12 (5,-3)=13 (3,3)=14 (2,-2)=15 (2,4)=16 (0,4)=17 (1,5)=18 (6,-2)=19 (-1,3)=20 (4,-2)=21 (-2,6)=22 (8,-8)=23 (0,0)=24 (1,1)=25 (2,0)=26 (0,6)=27 (6,-6)=28 (6,0)=29