0 17 -1
0 16 1
1 2 -1
1 3 1
2 21 -1
2 11 1
3 20 1
3 5 -1
4 13 -1
4 7 1
5 10 -1
5 6 1
6 27 1
6 9 -1
7 28 1
7 11 -1
8 25 -1
8 9 1
9 15 -1
9 18 1
10 3 -1
10 23 1
11 24 -1
11 12 1
12 2 1
12 23 -1
13 29 -1
13 0 1
14 10 1
14 19 -1
15 6 -1
15 19 1
16 13 1
16 22 -1
17 18 -1
17 26 1
18 8 1
18 0 -1
19 27 -1
19 25 1
20 12 -1
20 1 1
21 24 1
21 1 -1
22 28 -1
22 21 1
23 20 -1
23 14 1
24 7 -1
24 22 1
25 15 1
25 26 -1
26 8 -1
26 29 1
27 14 -1
27 5 1
28 16 -1
28 4 1
29 17 1
29 4 -1
(3,-1)=0 (9,-7)=1 (10,-6)=2 (8,-6)=3 (13,-7)=4 (7,-5)=5 (6,-4)=6 (12,-6)=7 (4,-4)=8 (5,-3)=9 (8,-4)=10 (11,-5)=11 (10,-4)=12 (2,-2)=13 (18,-12)=14 (6,-2)=15 (12,-10)=16 (14,-10)=17 (4,-2)=18 (17,-11)=19 (8,-8)=20 (10,-8)=21 (11,-9)=22 (9,-3)=23 (0,0)=24 (16,-10)=25 (15,-9)=26 (6,-6)=27 (12,-8)=28 (14,-8)=29