0 20 -1
0 4 1
1 0 -1
1 27 1
2 3 -1
2 5 1
3 22 -1
3 15 1
4 10 -1
4 11 1
5 21 1
5 7 -1
6 27 -1
6 13 1
7 14 -1
7 9 1
8 28 -1
8 29 1
9 28 1
9 12 -1
10 29 -1
10 12 1
11 0 1
11 13 -1
12 19 -1
12 20 1
13 17 -1
13 18 1
14 5 -1
14 24 1
15 25 -1
15 16 1
16 3 1
16 24 -1
17 11 -1
17 1 1
18 6 1
18 15 -1
19 9 -1
19 8 1
20 10 1
20 1 -1
21 16 -1
21 2 1
22 25 1
22 2 -1
23 14 1
23 8 -1
24 21 -1
24 23 1
25 18 -1
25 26 1
26 6 -1
26 22 1
27 17 1
27 26 -1
28 23 -1
28 7 1
29 19 1
29 4 -1
(4,0)=0 (3,-1)=1 (9,-7)=2 (10,-6)=3 (5,1)=4 (8,-6)=5 (2,2)=6 (7,-5)=7 (7,-1)=8 (6,-4)=9 (4,-4)=10 (4,2)=11 (5,-3)=12 (3,3)=13 (8,-4)=14 (11,-5)=15 (10,-4)=16 (2,-2)=17 (2,4)=18 (6,-2)=19 (4,-2)=20 (8,-8)=21 (10,-8)=22 (8,-2)=23 (9,-3)=24 (0,0)=25 (1,1)=26 (2,0)=27 (6,-6)=28 (6,0)=29