0 24 1
0 5 -1
1 6 -1
1 0 1
2 7 -1
2 10 1
3 25 1
3 22 -1
4 18 -1
4 11 1
5 12 -1
5 18 1
6 19 -1
6 14 1
7 21 -1
7 20 1
8 29 1
8 14 -1
9 25 -1
9 13 1
10 12 1
10 11 -1
11 24 -1
11 15 1
12 0 -1
12 2 1
13 23 1
13 20 -1
14 23 -1
14 21 1
15 4 1
15 17 -1
16 3 -1
16 17 1
17 28 -1
17 27 1
18 28 1
18 26 -1
19 7 1
19 1 -1
20 29 -1
20 19 1
21 6 1
21 2 -1
22 16 -1
22 8 1
23 8 -1
23 9 1
24 10 -1
24 1 1
25 27 -1
25 26 1
26 4 -1
26 3 1
27 16 1
27 9 -1
28 15 -1
28 5 1
29 13 -1
29 22 1
(-6,4)=0 (-5,3)=1 (5,1)=2 (0,2)=3 (2,2)=4 (-7,5)=5 (-4,4)=6 (6,2)=7 (-2,4)=8 (-1,7)=9 (4,2)=10 (3,3)=11 (-6,6)=12 (8,2)=13 (-3,5)=14 (2,4)=15 (0,4)=16 (1,5)=17 (-8,6)=18 (6,4)=19 (7,3)=20 (-4,6)=21 (-1,3)=22 (-2,6)=23 (4,4)=24 (0,0)=25 (1,1)=26 (0,6)=27 (2,6)=28 (-2,2)=29