0 19 1
0 27 -1
1 7 -1
1 10 1
2 21 -1
2 1 1
3 4 -1
3 5 1
4 26 -1
4 15 1
5 23 1
5 9 -1
6 0 -1
6 12 1
7 8 -1
7 18 1
8 29 1
8 1 -1
9 14 -1
9 8 1
10 2 1
10 12 -1
11 6 1
11 15 -1
12 20 -1
12 11 1
13 14 1
13 18 -1
14 5 -1
14 25 1
15 19 -1
15 16 1
16 4 1
16 25 -1
17 7 1
17 22 -1
18 23 -1
18 17 1
19 11 -1
19 28 1
20 10 -1
20 22 1
21 20 1
21 28 -1
22 29 -1
22 21 1
23 13 -1
23 3 1
24 16 -1
24 27 1
25 24 -1
25 13 1
26 24 1
26 3 -1
27 6 -1
27 26 1
28 2 -1
28 0 1
29 17 -1
29 9 1
(12,10)=0 (5,1)=1 (14,10)=2 (9,5)=3 (10,6)=4 (8,6)=5 (2,2)=6 (6,2)=7 (16,10)=8 (7,7)=9 (4,2)=10 (12,6)=11 (3,3)=12 (8,2)=13 (8,8)=14 (11,7)=15 (10,8)=16 (6,4)=17 (7,3)=18 (12,8)=19 (4,4)=20 (14,8)=21 (5,5)=22 (8,4)=23 (0,0)=24 (9,9)=25 (10,4)=26 (1,1)=27 (13,9)=28 (6,6)=29