0 18 -1
0 4 1
1 0 -1
1 25 1
2 19 -1
2 10 1
3 11 -1
3 7 1
4 26 -1
4 19 1
5 20 -1
5 13 1
6 23 1
6 13 -1
7 26 1
7 10 -1
8 5 -1
8 28 1
9 29 -1
9 1 1
10 16 -1
10 18 1
11 27 -1
11 21 1
12 17 -1
12 15 1
13 22 -1
13 27 1
14 9 -1
14 6 1
15 22 1
15 21 -1
16 7 -1
16 8 1
17 25 -1
17 24 1
18 2 1
18 1 -1
19 0 1
19 24 -1
20 11 1
20 8 -1
21 23 -1
21 20 1
22 6 -1
22 12 1
23 15 -1
23 14 1
24 2 -1
24 29 1
25 9 1
25 12 -1
26 28 -1
26 3 1
27 5 1
27 3 -1
28 16 1
28 4 -1
29 17 1
29 14 -1
(4,0)=0 (3,-1)=1 (14,-2)=2 (17,-3)=3 (5,1)=4 (8,0)=5 (10,0)=6 (16,-2)=7 (7,-1)=8 (12,0)=9 (5,-3)=10 (8,-4)=11 (11,-5)=12 (9,1)=13 (11,-1)=14 (10,-4)=15 (6,-2)=16 (12,-4)=17 (4,-2)=18 (14,-4)=19 (8,-2)=20 (9,-3)=21 (0,0)=22 (10,-2)=23 (13,-3)=24 (2,0)=25 (16,-4)=26 (18,-4)=27 (6,0)=28 (12,-2)=29