0 20 -1
0 2 1
1 0 -1
1 26 1
2 7 -1
2 8 1
3 22 -1
3 13 1
4 24 1
4 23 -1
5 26 -1
5 10 1
6 3 -1
6 29 1
7 29 -1
7 19 1
8 0 1
8 10 -1
9 17 -1
9 20 1
10 21 -1
10 14 1
11 12 -1
11 23 1
12 3 1
12 19 -1
13 24 -1
13 12 1
14 5 1
14 16 -1
15 4 -1
15 16 1
16 28 -1
16 27 1
17 18 -1
17 6 1
18 7 1
18 9 -1
19 11 -1
19 18 1
20 21 1
20 1 -1
21 8 -1
21 9 1
22 11 1
22 6 -1
23 15 -1
23 22 1
24 27 -1
24 25 1
25 5 -1
25 4 1
26 28 1
26 25 -1
27 15 1
27 13 -1
28 14 -1
28 1 1
29 17 1
29 2 -1
(4,0)=0 (3,-1)=1 (5,1)=2 (8,0)=3 (0,2)=4 (2,2)=5 (7,-1)=6 (6,2)=7 (4,2)=8 (5,-3)=9 (3,3)=10 (8,-4)=11 (8,2)=12 (9,1)=13 (2,4)=14 (0,4)=15 (1,5)=16 (6,-2)=17 (6,4)=18 (7,3)=19 (4,-2)=20 (4,4)=21 (8,-2)=22 (9,-3)=23 (0,0)=24 (1,1)=25 (2,0)=26 (0,6)=27 (2,6)=28 (6,0)=29