0 20 -1
0 3 1
1 0 -1
1 26 1
2 17 -1
2 4 1
3 28 -1
3 11 1
4 21 1
4 7 -1
5 24 1
5 2 -1
6 26 -1
6 13 1
7 14 -1
7 9 1
8 21 -1
8 29 1
9 28 1
9 12 -1
10 11 -1
10 12 1
11 0 1
11 13 -1
12 19 -1
12 20 1
13 10 -1
13 16 1
14 4 -1
14 23 1
15 16 -1
15 1 1
16 6 1
16 18 -1
17 5 -1
17 18 1
18 15 -1
18 27 1
19 9 -1
19 8 1
20 10 1
20 1 -1
21 22 -1
21 2 1
22 14 1
22 8 -1
23 24 -1
23 22 1
24 27 -1
24 25 1
25 6 -1
25 5 1
26 15 1
26 25 -1
27 17 1
27 23 -1
28 29 -1
28 7 1
29 19 1
29 3 -1
(4,0)=0 (3,-1)=1 (9,-7)=2 (5,1)=3 (8,-6)=4 (0,2)=5 (2,2)=6 (7,-5)=7 (7,-1)=8 (6,-4)=9 (4,-4)=10 (4,2)=11 (5,-3)=12 (3,3)=13 (8,-4)=14 (2,-2)=15 (2,4)=16 (0,4)=17 (1,5)=18 (6,-2)=19 (4,-2)=20 (8,-8)=21 (8,-2)=22 (9,-3)=23 (0,0)=24 (1,1)=25 (2,0)=26 (0,6)=27 (6,-6)=28 (6,0)=29