0 2 -1
0 3 1
1 0 -1
1 25 1
2 20 1
2 1 -1
3 10 -1
3 11 1
4 7 -1
4 14 1
5 23 -1
5 7 1
6 23 1
6 14 -1
7 22 1
7 9 -1
8 25 -1
8 12 1
9 4 -1
9 28 1
10 28 -1
10 19 1
11 0 1
11 12 -1
12 20 -1
12 15 1
13 4 1
13 19 -1
14 16 -1
14 13 1
15 8 1
15 17 -1
16 6 -1
16 17 1
17 27 -1
17 26 1
18 10 1
18 21 -1
19 22 -1
19 18 1
20 11 -1
20 21 1
21 29 -1
21 2 1
22 13 -1
22 5 1
23 26 -1
23 24 1
24 8 -1
24 6 1
25 27 1
25 24 -1
26 16 1
26 5 -1
27 15 -1
27 1 1
28 29 1
28 3 -1
29 18 -1
29 9 1
(4,0)=0 (3,7)=1 (4,6)=2 (5,1)=3 (8,0)=4 (9,5)=5 (0,2)=6 (8,6)=7 (2,2)=8 (7,-1)=9 (6,2)=10 (4,2)=11 (3,3)=12 (8,2)=13 (9,1)=14 (2,4)=15 (0,4)=16 (1,5)=17 (6,4)=18 (7,3)=19 (4,4)=20 (5,5)=21 (8,4)=22 (0,0)=23 (1,1)=24 (2,0)=25 (0,6)=26 (2,6)=27 (6,0)=28 (6,6)=29