0 7 -1
0 10 1
1 20 1
1 0 -1
2 4 -1
2 5 1
3 23 1
3 19 -1
4 25 -1
4 19 1
5 22 1
5 8 -1
6 27 -1
6 11 1
7 1 -1
7 18 1
8 12 -1
8 9 1
9 29 1
9 18 -1
10 28 1
10 11 -1
11 20 -1
11 13 1
12 5 -1
12 24 1
13 6 1
13 16 -1
14 3 -1
14 16 1
15 4 1
15 24 -1
16 28 -1
16 27 1
17 7 1
17 21 -1
18 22 -1
18 17 1
19 14 -1
19 15 1
20 10 -1
20 21 1
21 29 -1
21 1 1
22 9 -1
22 2 1
23 15 -1
23 26 1
24 23 -1
24 25 1
25 12 1
25 2 -1
26 6 -1
26 3 1
27 14 1
27 26 -1
28 13 -1
28 0 1
29 17 -1
29 8 1
(3,7)=0 (4,6)=1 (9,5)=2 (0,2)=3 (10,6)=4 (8,6)=5 (2,2)=6 (6,2)=7 (7,7)=8 (6,8)=9 (4,2)=10 (3,3)=11 (8,8)=12 (2,4)=13 (0,4)=14 (10,8)=15 (1,5)=16 (6,4)=17 (7,3)=18 (-1,3)=19 (4,4)=20 (5,5)=21 (8,4)=22 (0,0)=23 (9,9)=24 (10,4)=25 (1,1)=26 (0,6)=27 (2,6)=28 (6,6)=29