0 14 -1
0 7 1
1 21 1
1 0 -1
2 8 -1
2 4 1
3 13 -1
3 15 1
4 23 1
4 9 -1
5 25 -1
5 6 1
6 18 -1
6 16 1
7 27 1
7 6 -1
8 24 -1
8 20 1
9 21 -1
9 11 1
10 5 -1
10 29 1
11 28 1
11 17 -1
12 26 -1
12 24 1
13 29 -1
13 12 1
14 1 -1
14 17 1
15 26 1
15 20 -1
16 5 1
16 12 -1
17 27 -1
17 25 1
18 7 -1
18 10 1
19 8 1
19 22 -1
20 23 -1
20 19 1
21 4 -1
21 22 1
22 28 -1
22 1 1
23 15 -1
23 2 1
24 13 1
24 2 -1
25 14 1
25 10 -1
26 16 -1
26 3 1
27 11 -1
27 0 1
28 19 -1
28 9 1
29 18 1
29 3 -1
(3,-5)=0 (4,-6)=1 (9,-7)=2 (-3,-3)=3 (8,-6)=4 (0,-4)=5 (1,-3)=6 (2,-4)=7 (6,-10)=8 (7,-5)=9 (-1,-5)=10 (6,-4)=11 (-1,-1)=12 (-2,-2)=13 (4,-4)=14 (8,-10)=15 (0,-2)=16 (1,-7)=17 (2,-2)=18 (6,-8)=19 (7,-9)=20 (4,-8)=21 (5,-7)=22 (8,-8)=23 (10,-8)=24 (0,-6)=25 (0,0)=26 (2,-6)=27 (6,-6)=28 (-2,-4)=29