0 18 -1
0 2 1
1 0 -1
1 27 1
2 7 -1
2 9 1
3 22 -1
3 12 1
4 25 1
4 12 -1
5 27 -1
5 10 1
6 3 -1
6 28 1
7 28 -1
7 19 1
8 29 -1
8 16 1
9 0 1
9 10 -1
10 21 -1
10 15 1
11 3 1
11 19 -1
12 14 -1
12 11 1
13 8 -1
13 4 1
14 4 -1
14 23 1
15 5 1
15 16 -1
16 24 -1
16 20 1
17 11 -1
17 6 1
18 7 1
18 1 -1
19 17 -1
19 18 1
20 8 1
20 23 -1
21 9 -1
21 1 1
22 14 1
22 6 -1
23 25 -1
23 22 1
24 15 -1
24 26 1
25 20 -1
25 13 1
26 5 -1
26 29 1
27 21 1
27 26 -1
28 17 1
28 2 -1
29 24 1
29 13 -1
(4,0)=0 (3,-1)=1 (5,1)=2 (8,0)=3 (10,0)=4 (2,2)=5 (7,-1)=6 (6,2)=7 (12,0)=8 (4,2)=9 (3,3)=10 (8,2)=11 (9,1)=12 (11,-1)=13 (10,2)=14 (2,4)=15 (13,1)=16 (6,-2)=17 (6,4)=18 (7,3)=19 (12,2)=20 (4,4)=21 (8,-2)=22 (9,-3)=23 (0,0)=24 (10,-2)=25 (1,1)=26 (2,0)=27 (6,0)=28 (12,-2)=29