0 12 -1
0 7 1
1 21 -1
1 3 1
2 1 -1
2 27 1
3 10 -1
3 9 1
4 22 -1
4 15 1
5 25 1
5 15 -1
6 18 -1
6 20 1
7 24 1
7 6 -1
8 4 -1
8 28 1
9 1 1
9 13 -1
10 28 -1
10 23 1
11 29 -1
11 6 1
12 27 -1
12 13 1
13 19 -1
13 21 1
14 4 1
14 23 -1
15 17 -1
15 14 1
16 11 -1
16 5 1
17 5 -1
17 26 1
18 7 -1
18 2 1
19 9 -1
19 8 1
20 11 1
20 26 -1
21 12 1
21 2 -1
22 10 1
22 8 -1
23 25 -1
23 22 1
24 20 -1
24 0 1
25 14 -1
25 16 1
26 24 -1
26 29 1
27 18 1
27 0 -1
28 19 1
28 3 -1
29 17 1
29 16 -1
(3,-5)=0 (4,0)=1 (3,-1)=2 (5,1)=3 (8,0)=4 (10,0)=5 (1,-3)=6 (2,-4)=7 (7,-1)=8 (6,-4)=9 (6,2)=10 (12,0)=11 (4,-4)=12 (5,-3)=13 (8,2)=14 (9,1)=15 (11,-1)=16 (10,2)=17 (2,-2)=18 (6,-2)=19 (12,2)=20 (4,-2)=21 (8,-2)=22 (9,-3)=23 (0,0)=24 (10,-2)=25 (11,3)=26 (2,0)=27 (6,0)=28 (12,-2)=29