0 26 1
0 16 -1
1 6 -1
1 0 1
2 24 -1
2 23 1
3 9 -1
3 7 1
4 25 -1
4 27 1
5 18 1
5 13 -1
6 12 -1
6 13 1
7 28 1
7 23 -1
8 4 -1
8 29 1
9 29 -1
9 10 1
10 26 -1
10 21 1
11 0 -1
11 22 1
12 2 1
12 1 -1
13 20 -1
13 17 1
14 21 -1
14 16 1
15 4 1
15 10 -1
16 11 -1
16 25 1
17 6 1
17 22 -1
18 7 -1
18 19 1
19 14 -1
19 5 1
20 5 -1
20 8 1
21 9 1
21 19 -1
22 28 -1
22 24 1
23 18 -1
23 12 1
24 11 1
24 27 -1
25 14 1
25 8 -1
26 15 -1
26 1 1
27 2 -1
27 15 1
28 17 -1
28 3 1
29 20 1
29 3 -1
(-6,-8)=0 (-5,-9)=1 (-6,-2)=2 (-3,-3)=3 (0,-4)=4 (-2,-8)=5 (-4,-8)=6 (-4,-2)=7 (-1,-5)=8 (-2,-2)=9 (-1,-1)=10 (-6,-6)=11 (-6,0)=12 (-3,-7)=13 (0,-8)=14 (0,-2)=15 (1,-7)=16 (-4,-6)=17 (-4,0)=18 (-1,-9)=19 (-2,-6)=20 (-2,0)=21 (-5,-5)=22 (-5,-1)=23 (-6,-4)=24 (0,-6)=25 (0,0)=26 (-7,-3)=27 (-4,-4)=28 (-2,-4)=29