0 19 -1
0 2 1
1 0 -1
1 27 1
2 9 -1
2 11 1
3 5 -1
3 8 1
4 14 -1
4 16 1
5 25 -1
5 4 1
6 23 1
6 4 -1
7 27 -1
7 12 1
8 22 1
8 10 -1
9 28 -1
9 18 1
10 15 -1
10 13 1
11 0 1
11 12 -1
12 20 -1
12 19 1
13 29 1
13 18 -1
14 6 -1
14 1 1
15 8 -1
15 24 1
16 5 1
16 24 -1
17 9 1
17 21 -1
18 22 -1
18 17 1
19 7 1
19 1 -1
20 11 -1
20 21 1
21 29 -1
21 28 1
22 13 -1
22 3 1
23 16 -1
23 26 1
24 23 -1
24 25 1
25 15 1
25 3 -1
26 7 -1
26 6 1
27 14 1
27 26 -1
28 20 1
28 2 -1
29 17 -1
29 10 1
(4,0)=0 (3,-1)=1 (5,1)=2 (9,5)=3 (1,-3)=4 (10,6)=5 (2,-4)=6 (2,2)=7 (8,6)=8 (6,2)=9 (7,7)=10 (4,2)=11 (3,3)=12 (8,2)=13 (2,-2)=14 (8,8)=15 (10,8)=16 (6,4)=17 (7,3)=18 (4,-2)=19 (4,4)=20 (5,5)=21 (8,4)=22 (0,0)=23 (9,9)=24 (10,4)=25 (1,1)=26 (2,0)=27 (6,0)=28 (6,6)=29