0 18 1
0 9 -1
1 10 -1
1 6 1
2 19 1
2 1 -1
3 20 -1
3 9 1
4 25 -1
4 15 1
5 22 1
5 15 -1
6 27 1
6 23 -1
7 12 -1
7 8 1
8 28 1
8 11 -1
9 19 -1
9 13 1
10 2 -1
10 11 1
11 18 -1
11 20 1
12 26 -1
12 23 1
13 3 1
13 16 -1
14 4 1
14 21 -1
15 17 -1
15 14 1
16 27 -1
16 26 1
17 5 -1
17 16 1
18 8 -1
18 29 1
19 0 -1
19 21 1
20 10 1
20 24 -1
21 28 -1
21 2 1
22 6 -1
22 24 1
23 22 -1
23 25 1
24 3 -1
24 5 1
25 12 1
25 29 -1
26 17 1
26 7 -1
27 13 -1
27 1 1
28 14 -1
28 7 1
29 4 -1
29 0 1
(6,12)=0 (3,7)=1 (4,6)=2 (2,2)=3 (8,12)=4 (10,12)=5 (2,8)=6 (7,7)=7 (6,8)=8 (3,3)=9 (4,8)=10 (5,9)=11 (8,8)=12 (2,4)=13 (8,14)=14 (9,13)=15 (1,5)=16 (10,14)=17 (6,10)=18 (4,4)=19 (4,10)=20 (5,5)=21 (0,0)=22 (9,9)=23 (1,1)=24 (8,10)=25 (10,16)=26 (2,6)=27 (6,6)=28 (7,11)=29