0 20 1
0 2 -1
1 22 -1
1 13 1
2 5 -1
2 8 1
3 23 1
3 19 -1
4 25 1
4 6 -1
5 0 -1
5 11 1
6 16 -1
6 3 1
7 28 1
7 11 -1
8 29 1
8 13 -1
9 28 -1
9 0 1
10 8 -1
10 21 1
11 20 -1
11 18 1
12 1 1
12 17 -1
13 10 -1
13 12 1
14 3 -1
14 15 1
15 23 -1
15 24 1
16 4 -1
16 17 1
17 25 -1
17 26 1
18 5 1
18 21 -1
19 14 -1
19 7 1
20 7 -1
20 9 1
21 29 -1
21 22 1
22 10 1
22 27 -1
23 26 -1
23 6 1
24 14 1
24 9 -1
25 12 -1
25 27 1
26 16 1
26 15 -1
27 1 -1
27 4 1
28 24 -1
28 19 1
29 18 -1
29 2 1
(-2,8)=0 (-6,10)=1 (-3,9)=2 (0,2)=3 (-8,10)=4 (-4,4)=5 (-9,11)=6 (-2,4)=7 (-4,10)=8 (-1,7)=9 (-6,6)=10 (-3,5)=11 (-6,12)=12 (-5,11)=13 (0,4)=14 (1,5)=15 (-8,12)=16 (-7,13)=17 (-4,6)=18 (-1,3)=19 (-2,6)=20 (-5,7)=21 (-6,8)=22 (0,0)=23 (0,6)=24 (-8,8)=25 (-8,14)=26 (-7,9)=27 (-2,2)=28 (-4,8)=29