0 8 -1
0 6 1
1 20 1
1 18 -1
2 21 -1
2 10 1
3 22 -1
3 4 1
4 27 -1
4 14 1
5 26 1
5 11 -1
6 27 1
6 28 -1
7 3 -1
7 29 1
8 29 -1
8 9 1
9 23 -1
9 21 1
10 26 -1
10 12 1
11 19 -1
11 17 1
12 2 1
12 15 -1
13 1 -1
13 15 1
14 3 1
14 9 -1
15 25 -1
15 22 1
16 23 1
16 10 -1
17 25 1
17 4 -1
18 13 -1
18 5 1
19 5 -1
19 7 1
20 6 -1
20 24 1
21 8 1
21 24 -1
22 13 1
22 7 -1
23 14 -1
23 28 1
24 2 -1
24 1 1
25 12 -1
25 11 1
26 16 -1
26 18 1
27 17 -1
27 0 1
28 20 -1
28 16 1
29 19 1
29 0 -1
(-3,-3)=0 (0,-10)=1 (2,-10)=2 (0,-4)=3 (1,-3)=4 (-2,-8)=5 (-4,-2)=6 (-1,-5)=7 (-2,-2)=8 (-1,-1)=9 (3,-9)=10 (-3,-7)=11 (2,-8)=12 (0,-8)=13 (0,-2)=14 (1,-7)=15 (-2,-12)=16 (-4,-6)=17 (-1,-9)=18 (-2,-6)=19 (0,-12)=20 (2,-12)=21 (0,-6)=22 (0,0)=23 (1,-11)=24 (2,-6)=25 (-2,-10)=26 (-4,-4)=27 (-1,-13)=28 (-2,-4)=29