0 7 -1
0 5 1
1 20 -1
1 9 1
2 24 -1
2 3 1
3 22 -1
3 14 1
4 22 1
4 10 -1
5 27 1
5 21 -1
6 2 -1
6 29 1
7 29 -1
7 8 1
8 25 -1
8 20 1
9 27 -1
9 12 1
10 19 -1
10 16 1
11 26 1
11 3 -1
12 1 1
12 15 -1
13 28 -1
13 15 1
14 2 1
14 8 -1
15 26 -1
15 24 1
16 25 1
16 9 -1
17 5 -1
17 23 1
18 13 -1
18 4 1
19 4 -1
19 6 1
20 7 1
20 23 -1
21 17 -1
21 11 1
22 11 -1
22 18 1
23 1 -1
23 28 1
24 13 1
24 6 -1
25 14 -1
25 10 1
26 12 -1
26 21 1
27 16 -1
27 0 1
28 17 1
28 18 -1
29 19 1
29 0 -1
(-3,-3)=0 (2,-10)=1 (0,-4)=2 (1,-3)=3 (-2,-8)=4 (-4,-2)=5 (-1,-5)=6 (-2,-2)=7 (-1,-1)=8 (3,-9)=9 (-3,-7)=10 (-6,0)=11 (2,-8)=12 (0,-8)=13 (0,-2)=14 (1,-7)=15 (-4,-6)=16 (-4,0)=17 (-1,-9)=18 (-2,-6)=19 (-2,0)=20 (-5,-1)=21 (-6,2)=22 (-3,1)=23 (0,-6)=24 (0,0)=25 (2,-6)=26 (-4,-4)=27 (-4,2)=28 (-2,-4)=29