0 11 -1
0 6 1
1 19 1
1 0 -1
2 7 -1
2 9 1
3 21 -1
3 14 1
4 24 1
4 14 -1
5 16 -1
5 4 1
6 26 1
6 5 -1
7 27 -1
7 18 1
8 22 1
8 12 -1
9 25 1
9 10 -1
10 19 -1
10 8 1
11 1 -1
11 23 1
12 26 -1
12 15 1
13 3 1
13 18 -1
14 25 -1
14 13 1
15 28 1
15 23 -1
16 6 -1
16 29 1
17 7 1
17 20 -1
18 22 -1
18 17 1
19 9 -1
19 20 1
20 28 -1
20 1 1
21 11 1
21 29 -1
22 13 -1
22 10 1
23 24 -1
23 21 1
24 15 -1
24 5 1
25 4 -1
25 2 1
26 8 -1
26 0 1
27 16 1
27 2 -1
28 17 -1
28 12 1
29 3 -1
29 27 1
(3,-5)=0 (4,-6)=1 (5,-11)=2 (8,-12)=3 (10,-12)=4 (1,-3)=5 (2,-4)=6 (6,-10)=7 (12,-18)=8 (4,-10)=9 (3,-9)=10 (4,-4)=11 (11,-17)=12 (8,-10)=13 (9,-11)=14 (10,-16)=15 (2,-2)=16 (6,-8)=17 (7,-9)=18 (4,-8)=19 (5,-7)=20 (8,-14)=21 (8,-8)=22 (9,-15)=23 (10,-14)=24 (0,0)=25 (2,-6)=26 (6,-12)=27 (6,-6)=28 (7,-13)=29