0 11 -1
0 6 1
1 25 1
1 0 -1
2 21 -1
2 4 1
3 2 -1
3 27 1
4 10 -1
4 12 1
5 23 -1
5 16 1
6 26 1
6 16 -1
7 14 -1
7 9 1
8 5 -1
8 29 1
9 28 1
9 13 -1
10 29 -1
10 20 1
11 1 -1
11 13 1
12 2 1
12 7 -1
13 19 -1
13 21 1
14 12 -1
14 24 1
15 5 1
15 20 -1
16 18 -1
16 15 1
17 10 1
17 24 -1
18 6 -1
18 3 1
19 9 -1
19 8 1
20 25 -1
20 17 1
21 11 1
21 3 -1
22 28 -1
22 1 1
23 14 1
23 8 -1
24 26 -1
24 23 1
25 15 -1
25 22 1
26 17 -1
26 0 1
27 18 1
27 22 -1
28 27 -1
28 7 1
29 19 1
29 4 -1
(3,-5)=0 (4,-6)=1 (4,0)=2 (3,-1)=3 (5,1)=4 (8,0)=5 (2,-4)=6 (7,-5)=7 (7,-1)=8 (6,-4)=9 (6,2)=10 (4,-4)=11 (4,2)=12 (5,-3)=13 (8,-4)=14 (8,2)=15 (9,1)=16 (10,-4)=17 (2,-2)=18 (6,-2)=19 (7,3)=20 (4,-2)=21 (5,-7)=22 (8,-2)=23 (9,-3)=24 (0,0)=25 (10,-2)=26 (2,0)=27 (6,-6)=28 (6,0)=29