0 10 -1
0 7 1
1 24 1
1 0 -1
2 20 -1
2 6 1
3 2 -1
3 26 1
4 14 -1
4 28 1
5 21 1
5 4 -1
6 9 -1
6 11 1
7 29 1
7 15 -1
8 26 -1
8 13 1
9 28 -1
9 19 1
10 1 -1
10 12 1
11 2 1
11 13 -1
12 27 -1
12 20 1
13 21 -1
13 17 1
14 5 -1
14 15 1
15 16 -1
15 22 1
16 7 -1
16 3 1
17 8 1
17 12 -1
18 9 1
18 23 -1
19 24 -1
19 18 1
20 10 1
20 3 -1
21 11 -1
21 23 1
22 14 1
22 19 -1
23 29 -1
23 5 1
24 22 -1
24 25 1
25 8 -1
25 1 1
26 16 1
26 25 -1
27 17 -1
27 4 1
28 27 1
28 6 -1
29 18 -1
29 0 1
(3,-5)=0 (4,-6)=1 (4,0)=2 (3,-1)=3 (3,7)=4 (4,6)=5 (5,1)=6 (2,-4)=7 (2,2)=8 (6,2)=9 (4,-4)=10 (4,2)=11 (5,-3)=12 (3,3)=13 (4,8)=14 (5,9)=15 (2,-2)=16 (2,4)=17 (6,4)=18 (7,3)=19 (4,-2)=20 (4,4)=21 (4,10)=22 (5,5)=23 (0,0)=24 (1,1)=25 (2,0)=26 (2,6)=27 (6,0)=28 (6,6)=29