0 20 -1
0 2 1
1 21 1
1 17 -1
2 11 -1
2 10 1
3 22 -1
3 8 1
4 23 -1
4 5 1
5 27 -1
5 14 1
6 27 1
6 9 -1
7 4 -1
7 29 1
8 0 -1
8 12 1
9 18 -1
9 20 1
10 0 1
10 28 -1
11 29 -1
11 19 1
12 3 1
12 15 -1
13 1 -1
13 15 1
14 4 1
14 19 -1
15 26 -1
15 23 1
16 26 1
16 5 -1
17 13 -1
17 6 1
18 6 -1
18 7 1
19 24 -1
19 22 1
20 24 1
20 8 -1
21 10 -1
21 25 1
22 11 1
22 25 -1
23 13 1
23 7 -1
24 14 -1
24 9 1
25 3 -1
25 1 1
26 12 -1
26 28 1
27 16 -1
27 17 1
28 21 -1
28 16 1
29 18 1
29 2 -1
(0,-16)=0 (0,-10)=1 (1,-15)=2 (2,-10)=3 (0,-4)=4 (1,-3)=5 (-2,-8)=6 (-1,-5)=7 (3,-9)=8 (-3,-7)=9 (0,-14)=10 (2,-14)=11 (2,-8)=12 (0,-8)=13 (0,-2)=14 (1,-7)=15 (-2,-12)=16 (-1,-9)=17 (-2,-6)=18 (3,-13)=19 (0,-18)=20 (0,-12)=21 (2,-12)=22 (0,-6)=23 (0,0)=24 (1,-11)=25 (2,-6)=26 (-2,-10)=27 (-1,-13)=28 (-2,-4)=29