0 6 -1
0 4 1
1 9 -1
1 7 1
2 23 -1
2 3 1
3 11 -1
3 15 1
4 25 1
4 3 -1
5 27 1
5 12 -1
6 26 -1
6 12 1
7 28 1
7 18 -1
8 2 -1
8 29 1
9 29 -1
9 10 1
10 24 -1
10 13 1
11 4 -1
11 20 1
12 19 -1
12 17 1
13 9 1
13 16 -1
14 7 -1
14 16 1
15 2 1
15 10 -1
16 25 -1
16 23 1
17 6 1
17 20 -1
18 14 -1
18 5 1
19 5 -1
19 8 1
20 28 -1
20 22 1
21 27 -1
21 26 1
22 11 1
22 21 -1
23 14 1
23 8 -1
24 15 -1
24 21 1
25 13 -1
25 0 1
26 24 1
26 0 -1
27 22 -1
27 18 1
28 17 -1
28 1 1
29 19 1
29 1 -1
(-5,-9)=0 (-3,-3)=1 (0,-4)=2 (1,-3)=3 (2,-4)=4 (-2,-8)=5 (-4,-8)=6 (-4,-2)=7 (-1,-5)=8 (-2,-2)=9 (-1,-1)=10 (-6,-6)=11 (-3,-7)=12 (2,-8)=13 (0,-8)=14 (0,-2)=15 (1,-7)=16 (-4,-6)=17 (-1,-9)=18 (-2,-6)=19 (-5,-5)=20 (-3,-11)=21 (-6,-4)=22 (0,-6)=23 (0,0)=24 (2,-6)=25 (-4,-10)=26 (-2,-10)=27 (-4,-4)=28 (-2,-4)=29