0 9 -1
0 6 1
1 21 1
1 5 -1
2 7 -1
2 1 1
3 23 -1
3 4 1
4 26 -1
4 15 1
5 13 -1
5 17 1
6 26 1
6 20 -1
7 27 -1
7 16 1
8 3 -1
8 28 1
9 28 -1
9 10 1
10 24 -1
10 19 1
11 21 -1
11 14 1
12 24 1
12 11 -1
13 1 -1
13 8 1
14 29 1
14 16 -1
15 3 1
15 10 -1
16 25 -1
16 23 1
17 25 1
17 4 -1
18 6 -1
18 22 1
19 9 1
19 22 -1
20 18 -1
20 12 1
21 12 -1
21 2 1
22 29 -1
22 27 1
23 7 1
23 8 -1
24 15 -1
24 20 1
25 14 -1
25 5 1
26 17 -1
26 0 1
27 18 1
27 2 -1
28 13 1
28 0 -1
29 19 -1
29 11 1
(-3,-3)=0 (-6,4)=1 (-5,3)=2 (0,-4)=3 (1,-3)=4 (-7,5)=5 (-4,-2)=6 (-4,4)=7 (-1,-5)=8 (-2,-2)=9 (-1,-1)=10 (3,-9)=11 (-6,0)=12 (-6,6)=13 (2,-8)=14 (0,-2)=15 (1,-7)=16 (-8,6)=17 (-4,0)=18 (-2,0)=19 (-5,-1)=20 (-6,2)=21 (-3,1)=22 (0,-6)=23 (0,0)=24 (2,-6)=25 (-8,8)=26 (-4,2)=27 (-2,-4)=28 (-2,2)=29