0 28 -1
0 22 1
1 21 1
1 3 -1
2 22 -1
2 14 1
3 10 -1
3 8 1
4 23 1
4 20 -1
5 13 -1
5 11 1
6 26 -1
6 12 1
7 27 1
7 12 -1
8 28 1
8 14 -1
9 6 -1
9 1 1
10 1 -1
10 0 1
11 23 -1
11 15 1
12 21 -1
12 18 1
13 2 1
13 24 -1
14 19 -1
14 13 1
15 5 1
15 17 -1
16 4 -1
16 17 1
17 27 -1
17 26 1
18 6 1
18 0 -1
19 8 -1
19 25 1
20 16 -1
20 7 1
21 7 -1
21 9 1
22 10 1
22 25 -1
23 29 -1
23 24 1
24 5 -1
24 4 1
25 2 -1
25 29 1
26 16 1
26 9 -1
27 15 -1
27 20 1
28 18 -1
28 3 1
29 19 1
29 11 -1
(-1,11)=0 (-2,8)=1 (-6,10)=2 (-3,9)=3 (0,2)=4 (2,2)=5 (0,8)=6 (-2,4)=7 (-4,10)=8 (-1,7)=9 (-2,10)=10 (3,3)=11 (-3,5)=12 (-6,12)=13 (-5,11)=14 (2,4)=15 (0,4)=16 (1,5)=17 (-4,6)=18 (-4,12)=19 (-1,3)=20 (-2,6)=21 (-2,12)=22 (0,0)=23 (1,1)=24 (-3,13)=25 (0,6)=26 (2,6)=27 (-4,8)=28 (-4,14)=29