0 26 -1
0 4 1
1 0 -1
1 25 1
2 12 -1
2 5 1
3 19 1
3 2 -1
4 7 -1
4 10 1
5 27 1
5 8 -1
6 25 -1
6 11 1
7 28 -1
7 17 1
8 14 -1
8 9 1
9 29 1
9 13 -1
10 0 1
10 11 -1
11 19 -1
11 15 1
12 3 -1
12 13 1
13 18 -1
13 20 1
14 5 -1
14 23 1
15 6 1
15 17 -1
16 7 1
16 21 -1
17 27 -1
17 16 1
18 9 -1
18 1 1
19 10 -1
19 21 1
20 12 1
20 23 -1
21 29 -1
21 3 1
22 20 -1
22 24 1
23 22 -1
23 26 1
24 6 -1
24 28 1
25 18 1
25 24 -1
26 14 1
26 1 -1
27 15 -1
27 2 1
28 22 1
28 4 -1
29 16 -1
29 8 1
(4,0)=0 (3,-1)=1 (3,7)=2 (4,6)=3 (5,1)=4 (8,6)=5 (2,2)=6 (6,2)=7 (7,7)=8 (6,8)=9 (4,2)=10 (3,3)=11 (4,8)=12 (5,9)=13 (8,8)=14 (2,4)=15 (6,4)=16 (7,3)=17 (6,10)=18 (4,4)=19 (4,10)=20 (5,5)=21 (0,0)=22 (9,9)=23 (1,1)=24 (2,0)=25 (8,10)=26 (2,6)=27 (6,0)=28 (6,6)=29