0 12 -1
0 5 1
1 11 1
1 0 -1
2 21 -1
2 6 1
3 2 -1
3 26 1
4 16 -1
4 8 1
5 23 1
5 4 -1
6 11 -1
6 13 1
7 26 -1
7 15 1
8 28 1
8 9 -1
9 24 -1
9 29 1
10 27 1
10 14 -1
11 29 -1
11 22 1
12 1 -1
12 14 1
13 2 1
13 15 -1
14 20 -1
14 21 1
15 23 -1
15 17 1
16 5 -1
16 3 1
17 7 1
17 19 -1
18 24 1
18 22 -1
19 28 -1
19 10 1
20 10 -1
20 9 1
21 12 1
21 3 -1
22 27 -1
22 1 1
23 13 -1
23 0 1
24 8 -1
24 25 1
25 7 -1
25 18 1
26 16 1
26 25 -1
27 18 -1
27 19 1
28 17 -1
28 4 1
29 20 1
29 6 -1
(3,-5)=0 (4,-6)=1 (4,0)=2 (3,-1)=3 (3,7)=4 (4,6)=5 (5,1)=6 (2,2)=7 (2,8)=8 (7,-1)=9 (6,-4)=10 (6,2)=11 (4,-4)=12 (4,2)=13 (5,-3)=14 (3,3)=15 (2,-2)=16 (2,4)=17 (6,-8)=18 (1,5)=19 (6,-2)=20 (4,-2)=21 (5,-7)=22 (4,4)=23 (0,0)=24 (1,1)=25 (2,0)=26 (6,-6)=27 (2,6)=28 (6,0)=29