0 15 -1
0 7 1
1 21 1
1 0 -1
2 8 -1
2 12 1
3 10 -1
3 19 1
4 22 -1
4 13 1
5 23 -1
5 6 1
6 18 -1
6 16 1
7 27 1
7 6 -1
8 28 -1
8 20 1
9 5 -1
9 29 1
10 29 -1
10 11 1
11 24 -1
11 28 1
12 26 1
12 13 -1
13 21 -1
13 14 1
14 4 1
14 17 -1
15 1 -1
15 17 1
16 5 1
16 11 -1
17 27 -1
17 23 1
18 7 -1
18 9 1
19 24 1
19 20 -1
20 26 -1
20 22 1
21 12 -1
21 25 1
22 8 1
22 25 -1
23 15 1
23 9 -1
24 16 -1
24 3 1
25 4 -1
25 1 1
26 19 -1
26 2 1
27 14 -1
27 0 1
28 10 1
28 2 -1
29 18 1
29 3 -1
(3,-5)=0 (4,-6)=1 (5,-11)=2 (-3,-3)=3 (2,-10)=4 (0,-4)=5 (1,-3)=6 (2,-4)=7 (6,-10)=8 (-1,-5)=9 (-2,-2)=10 (-1,-1)=11 (4,-10)=12 (3,-9)=13 (2,-8)=14 (0,-8)=15 (0,-2)=16 (1,-7)=17 (-2,-6)=18 (4,-14)=19 (3,-13)=20 (4,-8)=21 (2,-12)=22 (0,-6)=23 (0,0)=24 (1,-11)=25 (4,-12)=26 (2,-6)=27 (6,-12)=28 (-2,-4)=29