0 11 -1
0 5 1
1 23 -1
1 0 1
2 9 -1
2 6 1
3 24 -1
3 4 1
4 17 -1
4 15 1
5 1 1
5 4 -1
6 28 1
6 0 -1
7 3 -1
7 29 1
8 9 1
8 12 -1
9 29 -1
9 10 1
10 25 -1
10 8 1
11 6 -1
11 12 1
12 13 -1
12 21 1
13 8 -1
13 22 1
14 19 -1
14 18 1
15 3 1
15 10 -1
16 26 -1
16 20 1
17 5 -1
17 16 1
18 25 1
18 22 -1
19 20 -1
19 7 1
20 17 1
20 14 -1
21 11 1
21 16 -1
22 28 -1
22 23 1
23 13 1
23 27 -1
24 26 1
24 7 -1
25 15 -1
25 14 1
26 21 -1
26 27 1
27 1 -1
27 24 1
28 18 -1
28 2 1
29 19 1
29 2 -1
(3,-5)=0 (-6,-2)=1 (-3,-3)=2 (0,-4)=3 (1,-3)=4 (2,-4)=5 (-4,-2)=6 (-1,-5)=7 (6,-4)=8 (-2,-2)=9 (-1,-1)=10 (4,-4)=11 (5,-3)=12 (-6,-6)=13 (-3,-7)=14 (0,-2)=15 (-9,-5)=16 (2,-2)=17 (-4,-6)=18 (-2,-6)=19 (-10,-4)=20 (4,-2)=21 (-5,-5)=22 (-6,-4)=23 (0,-6)=24 (0,0)=25 (-8,-4)=26 (-7,-3)=27 (-4,-4)=28 (-2,-4)=29