0 26 1
0 5 -1
1 16 -1
1 4 1
2 15 1
2 12 -1
3 8 -1
3 2 1
4 21 1
4 6 -1
5 10 -1
5 9 1
6 26 -1
6 7 1
7 27 1
7 23 -1
8 28 -1
8 14 1
9 29 1
9 14 -1
10 0 -1
10 23 1
11 25 1
11 18 -1
12 13 -1
12 11 1
13 2 -1
13 24 1
14 15 -1
14 19 1
15 9 -1
15 3 1
16 22 -1
16 18 1
17 16 1
17 20 -1
18 21 -1
18 17 1
19 8 1
19 24 -1
20 27 -1
20 0 1
21 11 -1
21 1 1
22 13 1
22 1 -1
23 29 -1
23 28 1
24 25 -1
24 22 1
25 19 -1
25 12 1
26 4 -1
26 20 1
27 17 -1
27 6 1
28 10 1
28 3 -1
29 7 -1
29 5 1
(4,-6)=0 (9,-7)=1 (10,-12)=2 (11,-13)=3 (8,-6)=4 (15,-13)=5 (7,-5)=6 (6,-4)=7 (12,-12)=8 (14,-12)=9 (4,-4)=10 (8,-10)=11 (9,-11)=12 (10,-10)=13 (13,-11)=14 (2,-2)=15 (18,-18)=16 (6,-8)=17 (7,-9)=18 (12,-10)=19 (5,-7)=20 (8,-8)=21 (10,-8)=22 (13,-15)=23 (11,-9)=24 (0,0)=25 (16,-16)=26 (6,-6)=27 (12,-14)=28 (14,-14)=29