0 9 -1
0 7 1
1 21 1
1 0 -1
2 12 -1
2 10 1
3 23 1
3 17 -1
4 21 -1
4 3 1
5 25 -1
5 6 1
6 14 -1
6 16 1
7 27 1
7 6 -1
8 20 -1
8 22 1
9 1 -1
9 17 1
10 26 1
10 22 -1
11 5 -1
11 29 1
12 29 -1
12 13 1
13 26 -1
13 20 1
14 7 -1
14 11 1
15 8 1
15 18 -1
16 5 1
16 13 -1
17 27 -1
17 25 1
18 23 -1
18 1 1
19 10 -1
19 24 1
20 12 1
20 24 -1
21 28 -1
21 18 1
22 19 -1
22 15 1
23 15 -1
23 4 1
24 8 -1
24 28 1
25 9 1
25 11 -1
26 16 -1
26 2 1
27 3 -1
27 0 1
28 19 1
28 4 -1
29 14 1
29 2 -1
(3,-5)=0 (4,-6)=1 (-3,-3)=2 (-6,4)=3 (-5,3)=4 (0,-4)=5 (1,-3)=6 (2,-4)=7 (6,-10)=8 (-8,4)=9 (-4,-2)=10 (-1,-5)=11 (-2,-2)=12 (-1,-1)=13 (-10,6)=14 (-6,0)=15 (0,-2)=16 (1,-7)=17 (-7,1)=18 (-4,0)=19 (-2,0)=20 (4,-8)=21 (-5,-1)=22 (-6,2)=23 (-3,1)=24 (0,-6)=25 (0,0)=26 (2,-6)=27 (-4,2)=28 (-2,-4)=29