0 9 -1
0 3 1
1 12 -1
1 6 1
2 20 1
2 1 -1
3 7 -1
3 10 1
4 22 1
4 8 -1
5 26 -1
5 11 1
6 27 1
6 24 -1
7 28 -1
7 19 1
8 15 -1
8 9 1
9 29 1
9 13 -1
10 0 1
10 11 -1
11 20 -1
11 16 1
12 2 -1
12 13 1
13 0 -1
13 26 1
14 23 1
14 19 -1
15 4 -1
15 24 1
16 5 1
16 17 -1
17 27 -1
17 4 1
18 7 1
18 21 -1
19 22 -1
19 18 1
20 10 -1
20 21 1
21 29 -1
21 2 1
22 14 -1
22 17 1
23 6 -1
23 25 1
24 23 -1
24 28 1
25 5 -1
25 14 1
26 12 1
26 25 -1
27 16 -1
27 1 1
28 15 1
28 3 -1
29 18 -1
29 8 1
(4,0)=0 (3,7)=1 (4,6)=2 (5,1)=3 (8,6)=4 (2,2)=5 (2,8)=6 (6,2)=7 (7,7)=8 (6,8)=9 (4,2)=10 (3,3)=11 (4,8)=12 (5,9)=13 (8,2)=14 (8,8)=15 (2,4)=16 (1,5)=17 (6,4)=18 (7,3)=19 (4,4)=20 (5,5)=21 (8,4)=22 (0,0)=23 (9,9)=24 (1,1)=25 (2,0)=26 (2,6)=27 (6,0)=28 (6,6)=29