0 19 -1
0 1 1
1 6 -1
1 8 1
2 3 -1
2 4 1
3 24 -1
3 13 1
4 21 1
4 7 -1
5 26 -1
5 10 1
6 28 -1
6 16 1
7 12 -1
7 19 1
8 0 1
8 10 -1
9 18 1
9 13 -1
10 18 -1
10 24 1
11 22 1
11 16 -1
12 4 -1
12 23 1
13 17 -1
13 14 1
14 3 1
14 23 -1
15 6 1
15 20 -1
16 21 -1
16 15 1
17 9 -1
17 27 1
18 8 -1
18 20 1
19 29 1
19 27 -1
20 29 -1
20 9 1
21 11 -1
21 2 1
22 14 -1
22 25 1
23 22 -1
23 28 1
24 5 1
24 2 -1
25 5 -1
25 11 1
26 17 1
26 25 -1
27 0 -1
27 26 1
28 12 1
28 1 -1
29 15 -1
29 7 1
(4,0)=0 (5,1)=1 (9,5)=2 (10,6)=3 (8,6)=4 (2,2)=5 (6,2)=6 (7,7)=7 (4,2)=8 (12,6)=9 (3,3)=10 (8,2)=11 (8,8)=12 (11,7)=13 (10,8)=14 (6,4)=15 (7,3)=16 (12,8)=17 (4,4)=18 (14,8)=19 (5,5)=20 (8,4)=21 (0,0)=22 (9,9)=23 (10,4)=24 (1,1)=25 (2,0)=26 (13,9)=27 (6,0)=28 (6,6)=29