0 15 -1
0 2 1
1 19 1
1 14 -1
2 7 -1
2 10 1
3 4 -1
3 5 1
4 24 -1
4 14 1
5 21 1
5 8 -1
6 26 -1
6 11 1
7 28 -1
7 17 1
8 13 -1
8 9 1
9 29 1
9 27 -1
10 0 1
10 11 -1
11 19 -1
11 24 1
12 22 1
12 17 -1
13 5 -1
13 23 1
14 18 -1
14 15 1
15 4 1
15 23 -1
16 7 1
16 20 -1
17 21 -1
17 16 1
18 1 -1
18 27 1
19 10 -1
19 20 1
20 29 -1
20 1 1
21 12 -1
21 3 1
22 9 -1
22 25 1
23 0 -1
23 26 1
24 6 1
24 3 -1
25 6 -1
25 12 1
26 13 1
26 25 -1
27 22 -1
27 28 1
28 18 1
28 2 -1
29 16 -1
29 8 1
(4,0)=0 (4,6)=1 (5,1)=2 (9,5)=3 (10,6)=4 (8,6)=5 (2,2)=6 (6,2)=7 (7,7)=8 (6,8)=9 (4,2)=10 (3,3)=11 (8,2)=12 (8,8)=13 (11,7)=14 (10,8)=15 (6,4)=16 (7,3)=17 (12,8)=18 (4,4)=19 (5,5)=20 (8,4)=21 (0,0)=22 (9,9)=23 (10,4)=24 (1,1)=25 (2,0)=26 (13,9)=27 (6,0)=28 (6,6)=29