0 18 1
0 24 -1
1 11 -1
1 6 1
2 19 1
2 1 -1
3 22 1
3 7 -1
4 0 -1
4 10 1
5 25 -1
5 15 1
6 26 1
6 15 -1
7 13 -1
7 8 1
8 28 1
8 12 -1
9 5 1
9 10 -1
10 19 -1
10 14 1
11 2 -1
11 12 1
12 18 -1
12 20 1
13 3 -1
13 23 1
14 4 1
14 23 -1
15 16 -1
15 9 1
16 6 -1
16 27 1
17 16 1
17 21 -1
18 8 -1
18 29 1
19 9 -1
19 21 1
20 11 1
20 27 -1
21 28 -1
21 2 1
22 20 -1
22 24 1
23 26 -1
23 25 1
24 4 -1
24 3 1
25 13 1
25 29 -1
26 14 -1
26 1 1
27 22 -1
27 17 1
28 17 -1
28 7 1
29 5 -1
29 0 1
(6,12)=0 (3,7)=1 (4,6)=2 (8,6)=3 (2,2)=4 (8,12)=5 (10,12)=6 (7,7)=7 (6,8)=8 (4,2)=9 (3,3)=10 (4,8)=11 (5,9)=12 (8,8)=13 (2,4)=14 (9,13)=15 (10,14)=16 (6,4)=17 (6,10)=18 (4,4)=19 (4,10)=20 (5,5)=21 (0,0)=22 (9,9)=23 (1,1)=24 (8,10)=25 (2,6)=26 (11,15)=27 (6,6)=28 (7,11)=29