0 19 1
0 5 -1
1 6 -1
1 0 1
2 23 1
2 17 -1
3 29 -1
3 9 1
4 25 -1
4 5 1
5 10 -1
5 8 1
6 27 -1
6 11 1
7 28 1
7 11 -1
8 4 1
8 9 -1
9 20 -1
9 12 1
10 0 -1
10 21 1
11 18 -1
11 16 1
12 3 1
12 14 -1
13 2 -1
13 14 1
14 19 -1
14 25 1
15 10 1
15 22 -1
16 6 1
16 21 -1
17 13 -1
17 7 1
18 7 -1
18 26 1
19 12 -1
19 1 1
20 8 -1
20 22 1
21 23 -1
21 15 1
22 28 -1
22 27 1
23 16 -1
23 24 1
24 3 -1
24 2 1
25 13 1
25 26 -1
26 4 -1
26 29 1
27 20 1
27 1 -1
28 15 -1
28 17 1
29 18 1
29 24 -1
(-6,4)=0 (-5,3)=1 (0,2)=2 (2,2)=3 (-8,4)=4 (-7,5)=5 (-4,4)=6 (-2,4)=7 (4,2)=8 (3,3)=9 (-6,6)=10 (-3,5)=11 (2,4)=12 (0,4)=13 (1,5)=14 (6,4)=15 (-4,6)=16 (-1,3)=17 (-2,6)=18 (-6,2)=19 (4,4)=20 (-5,7)=21 (-3,1)=22 (0,0)=23 (1,1)=24 (0,6)=25 (-9,3)=26 (-4,2)=27 (-2,2)=28 (-10,4)=29