0 10 -1
0 5 1
1 12 -1
1 16 1
2 8 -1
2 7 1
3 25 -1
3 4 1
4 17 -1
4 14 1
5 27 1
5 4 -1
6 3 -1
6 29 1
7 28 1
7 11 -1
8 29 -1
8 9 1
9 26 -1
9 24 1
10 23 -1
10 11 1
11 19 -1
11 21 1
12 21 -1
12 22 1
13 20 -1
13 18 1
14 3 1
14 9 -1
15 27 -1
15 25 1
16 17 1
16 15 -1
17 5 -1
17 1 1
18 19 1
18 22 -1
19 7 -1
19 13 1
20 24 -1
20 6 1
21 10 1
21 1 -1
22 28 -1
22 23 1
23 12 1
23 0 -1
24 8 1
24 13 -1
25 26 1
25 6 -1
26 14 -1
26 15 1
27 16 -1
27 0 1
28 18 -1
28 2 1
29 20 1
29 2 -1
(3,-5)=0 (3,-1)=1 (-3,-3)=2 (0,-4)=3 (1,-3)=4 (2,-4)=5 (-1,-5)=6 (6,-4)=7 (-2,-2)=8 (-1,-1)=9 (4,-4)=10 (5,-3)=11 (-6,-6)=12 (-3,-7)=13 (0,-2)=14 (1,-7)=15 (-8,-6)=16 (2,-2)=17 (-4,-6)=18 (6,-2)=19 (-2,-6)=20 (4,-2)=21 (-5,-5)=22 (-6,-4)=23 (8,-2)=24 (0,-6)=25 (0,0)=26 (2,-6)=27 (-4,-4)=28 (-2,-4)=29