0 19 -1
0 5 1
1 8 -1
1 6 1
2 17 -1
2 3 1
3 12 -1
3 14 1
4 0 1
4 18 -1
5 11 -1
5 4 1
6 26 1
6 5 -1
7 27 1
7 9 -1
8 20 -1
8 9 1
9 23 -1
9 16 1
10 29 -1
10 13 1
11 6 -1
11 15 1
12 22 -1
12 18 1
13 24 -1
13 17 1
14 2 1
14 13 -1
15 27 -1
15 20 1
16 8 1
16 15 -1
17 10 1
17 21 -1
18 26 -1
18 19 1
19 12 1
19 25 -1
20 11 1
20 1 -1
21 2 -1
21 29 1
22 24 1
22 3 -1
23 7 -1
23 21 1
24 14 -1
24 25 1
25 0 -1
25 22 1
26 4 -1
26 1 1
27 16 -1
27 28 1
28 10 -1
28 7 1
29 23 1
29 28 -1
(-6,-2)=0 (-3,-3)=1 (-8,-8)=2 (-7,-7)=3 (-16,-10)=4 (-15,-11)=5 (-4,-2)=6 (-12,-6)=7 (-2,-2)=8 (-1,-1)=9 (-10,-6)=10 (-14,-10)=11 (-6,-6)=12 (-9,-5)=13 (-8,-6)=14 (-13,-9)=15 (-12,-10)=16 (-10,-4)=17 (-5,-5)=18 (-6,-4)=19 (-14,-8)=20 (-9,-9)=21 (-18,-12)=22 (0,0)=23 (-8,-4)=24 (-7,-3)=25 (-4,-4)=26 (-12,-8)=27 (-11,-7)=28 (-10,-8)=29