0 20 -1
0 19 1
1 6 -1
1 5 1
2 16 -1
2 4 1
3 24 1
3 4 -1
4 10 -1
4 13 1
5 26 1
5 19 -1
6 27 -1
6 8 1
7 28 1
7 8 -1
8 23 -1
8 15 1
9 29 -1
9 12 1
10 3 -1
10 18 1
11 0 1
11 18 -1
12 24 -1
12 16 1
13 2 1
13 12 -1
14 5 -1
14 21 1
15 6 1
15 21 -1
16 9 1
16 22 -1
17 9 -1
17 7 1
18 26 -1
18 20 1
19 14 -1
19 11 1
20 10 1
20 25 -1
21 28 -1
21 27 1
22 2 -1
22 29 1
23 7 -1
23 22 1
24 13 -1
24 25 1
25 0 -1
25 3 1
26 11 -1
26 1 1
27 14 1
27 1 -1
28 15 -1
28 17 1
29 23 1
29 17 -1
(-6,-2)=0 (-3,-3)=1 (-8,-8)=2 (-8,-2)=3 (-7,-7)=4 (-4,-2)=5 (-2,-2)=6 (-2,4)=7 (-1,-1)=8 (-10,-6)=9 (-6,-6)=10 (-6,0)=11 (-9,-5)=12 (-8,-6)=13 (-4,0)=14 (-2,0)=15 (-10,-4)=16 (-1,3)=17 (-5,-5)=18 (-5,-1)=19 (-6,-4)=20 (-3,1)=21 (-9,-9)=22 (0,0)=23 (-8,-4)=24 (-7,-3)=25 (-4,-4)=26 (-4,2)=27 (-2,2)=28 (-10,-8)=29