0 10 -1
0 4 1
1 19 1
1 0 -1
2 22 1
2 17 -1
3 4 -1
3 8 1
4 26 1
4 24 -1
5 11 -1
5 7 1
6 29 1
6 5 -1
7 28 1
7 18 -1
8 19 -1
8 12 1
9 10 1
9 8 -1
10 1 -1
10 18 1
11 6 -1
11 23 1
12 3 1
12 14 -1
13 2 -1
13 14 1
14 26 -1
14 25 1
15 7 -1
15 21 1
16 11 1
16 21 -1
17 13 -1
17 6 1
18 15 -1
18 9 1
19 9 -1
19 20 1
20 28 -1
20 1 1
21 29 -1
21 27 1
22 25 -1
22 24 1
23 22 -1
23 16 1
24 3 -1
24 2 1
25 13 1
25 23 -1
26 12 -1
26 0 1
27 15 1
27 20 -1
28 27 -1
28 5 1
29 16 -1
29 17 1
(3,7)=0 (4,6)=1 (0,2)=2 (2,2)=3 (2,8)=4 (7,7)=5 (-2,4)=6 (6,8)=7 (3,3)=8 (-6,0)=9 (4,8)=10 (8,8)=11 (2,4)=12 (0,4)=13 (1,5)=14 (-4,0)=15 (-2,0)=16 (-1,3)=17 (-5,-1)=18 (4,4)=19 (5,5)=20 (-3,1)=21 (0,0)=22 (9,9)=23 (1,1)=24 (0,6)=25 (2,6)=26 (-4,2)=27 (6,6)=28 (-2,2)=29