0 1 1
0 9 -1
1 21 -1
1 4 1
2 1 -1
2 26 1
3 13 -1
3 28 1
4 11 -1
4 0 1
5 23 -1
5 7 1
6 26 -1
6 9 1
7 18 -1
7 17 1
8 6 1
8 7 -1
9 15 -1
9 8 1
10 13 1
10 16 -1
11 28 -1
11 16 1
12 5 -1
12 29 1
13 29 -1
13 14 1
14 25 -1
14 10 1
15 0 -1
15 22 1
16 20 -1
16 19 1
17 5 1
17 14 -1
18 8 -1
18 2 1
19 11 1
19 22 -1
20 10 -1
20 12 1
21 15 1
21 2 -1
22 27 -1
22 21 1
23 25 1
23 12 -1
24 6 -1
24 23 1
25 17 -1
25 24 1
26 18 1
26 24 -1
27 19 -1
27 3 1
28 27 1
28 4 -1
29 20 1
29 3 -1
(-6,-8)=0 (4,0)=1 (3,-1)=2 (-3,-3)=3 (5,1)=4 (0,-4)=5 (-8,-8)=6 (1,-3)=7 (2,-4)=8 (-7,-7)=9 (-2,-8)=10 (-4,-8)=11 (-1,-5)=12 (-2,-2)=13 (-1,-1)=14 (-6,-6)=15 (-3,-7)=16 (0,-2)=17 (2,-2)=18 (-4,-6)=19 (-2,-6)=20 (4,-2)=21 (-5,-5)=22 (0,-6)=23 (-9,-9)=24 (0,0)=25 (2,0)=26 (-4,-4)=27 (6,0)=28 (-2,-4)=29