0 18 -1
0 24 1
1 18 1
1 10 -1
2 19 1
2 0 -1
3 7 -1
3 1 1
4 22 1
4 16 -1
5 17 1
5 21 -1
6 24 -1
6 10 1
7 27 -1
7 11 1
8 29 1
8 11 -1
9 22 -1
9 5 1
10 19 -1
10 12 1
11 17 -1
11 15 1
12 6 1
12 14 -1
13 4 -1
13 14 1
14 26 -1
14 25 1
15 7 1
15 20 -1
16 13 -1
16 8 1
17 8 -1
17 9 1
18 2 -1
18 3 1
19 1 -1
19 20 1
20 28 -1
20 2 1
21 29 -1
21 27 1
22 25 -1
22 23 1
23 6 -1
23 4 1
24 26 1
24 23 -1
25 13 1
25 9 -1
26 12 -1
26 0 1
27 28 1
27 3 -1
28 15 -1
28 21 1
29 5 -1
29 16 1
(3,7)=0 (-6,4)=1 (4,6)=2 (-5,3)=3 (0,2)=4 (8,6)=5 (2,2)=6 (-4,4)=7 (-2,4)=8 (-1,7)=9 (3,3)=10 (-3,5)=11 (2,4)=12 (0,4)=13 (1,5)=14 (6,4)=15 (-1,3)=16 (-2,6)=17 (-6,2)=18 (4,4)=19 (5,5)=20 (-3,1)=21 (0,0)=22 (1,1)=23 (-8,2)=24 (0,6)=25 (2,6)=26 (-4,2)=27 (6,6)=28 (-2,2)=29