0 16 1
0 19 -1
1 17 1
1 5 -1
2 6 -1
2 1 1
3 21 1
3 15 -1
4 22 -1
4 5 1
5 9 -1
5 13 1
6 27 -1
6 10 1
7 28 1
7 10 -1
8 21 -1
8 0 1
9 1 -1
9 18 1
10 16 -1
10 14 1
11 3 -1
11 12 1
12 25 -1
12 23 1
13 4 1
13 12 -1
14 6 1
14 18 -1
15 11 -1
15 7 1
16 7 -1
16 8 1
17 20 -1
17 2 1
18 29 -1
18 20 1
19 28 -1
19 27 1
20 9 1
20 26 -1
21 23 -1
21 24 1
22 25 1
22 24 -1
23 11 1
23 8 -1
24 4 -1
24 3 1
25 13 -1
25 26 1
26 17 -1
26 22 1
27 29 1
27 2 -1
28 0 -1
28 15 1
29 14 -1
29 19 1
(-2,8)=0 (-6,4)=1 (-5,3)=2 (0,2)=3 (-8,4)=4 (-7,5)=5 (-4,4)=6 (-2,4)=7 (-1,7)=8 (-6,6)=9 (-3,5)=10 (0,4)=11 (-9,7)=12 (-8,6)=13 (-4,6)=14 (-1,3)=15 (-2,6)=16 (-6,2)=17 (-5,7)=18 (-3,1)=19 (-6,8)=20 (0,0)=21 (-8,2)=22 (0,6)=23 (-9,3)=24 (-8,8)=25 (-7,9)=26 (-4,2)=27 (-2,2)=28 (-4,8)=29