0 21 1
0 4 -1
1 3 1
1 7 -1
2 8 -1
2 1 1
3 23 -1
3 2 1
4 28 -1
4 11 1
5 24 1
5 20 -1
6 26 1
6 9 -1
7 13 -1
7 17 1
8 11 -1
8 14 1
9 18 -1
9 25 1
10 28 1
10 14 -1
11 29 1
11 2 -1
12 24 -1
12 0 1
13 1 -1
13 22 1
14 21 -1
14 19 1
15 5 -1
15 9 1
16 26 -1
16 5 1
17 18 1
17 16 -1
18 6 -1
18 7 1
19 8 1
19 22 -1
20 15 -1
20 10 1
21 10 -1
21 12 1
22 29 -1
22 23 1
23 13 1
23 27 -1
24 25 -1
24 16 1
25 15 1
25 12 -1
26 17 -1
26 27 1
27 3 -1
27 6 1
28 0 -1
28 20 1
29 19 -1
29 4 1
(-2,8)=0 (-6,4)=1 (-5,3)=2 (-6,10)=3 (-3,9)=4 (0,2)=5 (-8,10)=6 (-7,5)=7 (-4,4)=8 (-9,11)=9 (-2,4)=10 (-4,10)=11 (-1,7)=12 (-6,6)=13 (-3,5)=14 (0,4)=15 (-9,7)=16 (-8,6)=17 (-8,12)=18 (-4,6)=19 (-1,3)=20 (-2,6)=21 (-5,7)=22 (-6,8)=23 (0,0)=24 (0,6)=25 (-8,8)=26 (-7,9)=27 (-2,2)=28 (-4,8)=29