0 16 1
0 20 -1
1 9 -1
1 8 1
2 19 1
2 5 -1
3 6 -1
3 2 1
4 26 -1
4 5 1
5 10 -1
5 13 1
6 25 -1
6 14 1
7 16 -1
7 11 1
8 21 1
8 7 -1
9 29 -1
9 12 1
10 2 -1
10 28 1
11 27 1
11 14 -1
12 24 -1
12 18 1
13 4 1
13 12 -1
14 22 -1
14 15 1
15 6 1
15 28 -1
16 8 -1
16 17 1
17 21 -1
17 0 1
18 9 1
18 17 -1
19 15 -1
19 3 1
20 27 -1
20 25 1
21 18 -1
21 1 1
22 11 -1
22 20 1
23 4 -1
23 29 1
24 13 -1
24 23 1
25 22 1
25 3 -1
26 10 1
26 23 -1
27 0 -1
27 7 1
28 19 -1
28 26 1
29 24 1
29 1 -1
(-12,10)=0 (-11,5)=1 (-6,4)=2 (-5,3)=3 (-8,4)=4 (-7,5)=5 (-4,4)=6 (-13,7)=7 (-12,6)=8 (-10,6)=9 (-6,6)=10 (-14,8)=11 (-9,7)=12 (-8,6)=13 (-15,9)=14 (-16,10)=15 (-12,8)=16 (-11,9)=17 (-10,8)=18 (-6,2)=19 (-3,1)=20 (0,0)=21 (-14,10)=22 (-9,3)=23 (-8,8)=24 (-4,2)=25 (-18,12)=26 (-2,2)=27 (-17,11)=28 (-10,4)=29