0 1 -1
0 18 1
1 20 1
1 4 -1
2 26 1
2 11 -1
3 26 -1
3 25 1
4 0 -1
4 2 1
5 28 -1
5 8 1
6 5 -1
6 1 1
7 29 1
7 8 -1
8 17 -1
8 14 1
9 0 1
9 12 -1
10 2 -1
10 12 1
11 10 -1
11 7 1
12 19 -1
12 23 1
13 14 -1
13 21 1
14 5 1
14 18 -1
15 17 1
15 21 -1
16 29 -1
16 28 1
17 7 -1
17 24 1
18 13 -1
18 9 1
19 9 -1
19 3 1
20 15 -1
20 6 1
21 20 -1
21 27 1
22 23 -1
22 16 1
23 10 1
23 24 -1
24 22 -1
24 15 1
25 19 1
25 16 -1
26 27 -1
26 4 1
27 13 1
27 3 -1
28 22 1
28 6 -1
29 25 -1
29 11 1
(-6,-2)=0 (-14,0)=1 (-8,-2)=2 (-17,-1)=3 (-15,1)=4 (-12,0)=5 (-13,-1)=6 (-10,0)=7 (-11,1)=8 (-6,0)=9 (-8,0)=10 (-9,-1)=11 (-7,1)=12 (-4,0)=13 (-12,2)=14 (-2,0)=15 (-11,-3)=16 (-10,2)=17 (-5,-1)=18 (-6,2)=19 (-14,-2)=20 (-3,1)=21 (0,0)=22 (-8,2)=23 (-9,3)=24 (-18,0)=25 (-16,0)=26 (-4,2)=27 (-12,-2)=28 (-10,-2)=29