0 2 -1
0 18 1
1 0 -1
1 4 1
2 19 1
2 1 -1
3 22 1
3 17 -1
4 26 1
4 9 -1
5 25 -1
5 9 1
6 11 -1
6 8 1
7 29 1
7 23 -1
8 28 1
8 18 -1
9 19 -1
9 12 1
10 0 1
10 20 -1
11 27 -1
11 23 1
12 5 1
12 14 -1
13 3 -1
13 14 1
14 26 -1
14 25 1
15 8 -1
15 21 1
16 11 1
16 21 -1
17 13 -1
17 7 1
18 15 -1
18 10 1
19 4 -1
19 20 1
20 28 -1
20 2 1
21 29 -1
21 27 1
22 7 -1
22 24 1
23 22 -1
23 16 1
24 5 -1
24 3 1
25 13 1
25 24 -1
26 12 -1
26 1 1
27 15 1
27 6 -1
28 10 -1
28 6 1
29 16 -1
29 17 1
(-6,-2)=0 (3,7)=1 (4,6)=2 (0,2)=3 (-8,-2)=4 (2,2)=5 (7,7)=6 (-2,4)=7 (6,8)=8 (3,3)=9 (-6,0)=10 (8,8)=11 (2,4)=12 (0,4)=13 (1,5)=14 (-4,0)=15 (-2,0)=16 (-1,3)=17 (-5,-1)=18 (4,4)=19 (5,5)=20 (-3,1)=21 (0,0)=22 (9,9)=23 (1,1)=24 (0,6)=25 (2,6)=26 (-4,2)=27 (6,6)=28 (-2,2)=29