0 20 -1
0 19 1
1 23 -1
1 15 1
2 24 1
2 11 -1
3 10 1
3 19 -1
4 14 -1
4 8 1
5 23 1
5 4 -1
6 8 -1
6 9 1
7 0 1
7 12 -1
8 18 1
8 28 -1
9 24 -1
9 17 1
10 2 -1
10 12 1
11 10 -1
11 20 1
12 21 -1
12 3 1
13 3 -1
13 22 1
14 5 -1
14 16 1
15 21 1
15 22 -1
16 29 -1
16 27 1
17 6 1
17 16 -1
18 15 -1
18 4 1
19 13 -1
19 7 1
20 29 1
20 25 -1
21 7 -1
21 1 1
22 18 -1
22 26 1
23 26 -1
23 28 1
24 27 -1
24 25 1
25 0 -1
25 2 1
26 13 1
26 1 -1
27 14 1
27 9 -1
28 6 -1
28 5 1
29 17 -1
29 11 1
(-6,-2)=0 (-5,3)=1 (-8,-2)=2 (-4,-2)=3 (-13,-5)=4 (-12,-6)=5 (-10,-6)=6 (-6,0)=7 (-14,-4)=8 (-9,-5)=9 (-8,0)=10 (-9,-1)=11 (-7,1)=12 (-4,0)=13 (-12,-4)=14 (-2,0)=15 (-11,-3)=16 (-10,-4)=17 (-2,2)=18 (-5,-1)=19 (-6,-4)=20 (-6,2)=21 (-3,1)=22 (0,0)=23 (-8,-4)=24 (-7,-3)=25 (-4,2)=26 (-12,-2)=27 (-11,-7)=28 (-10,-2)=29