0 7 -1
0 20 1
1 21 1
1 18 -1
2 23 -1
2 17 1
3 6 -1
3 1 1
4 23 1
4 19 -1
5 6 1
5 11 -1
6 27 -1
6 9 1
7 28 1
7 9 -1
8 0 1
8 15 -1
9 0 -1
9 5 1
10 5 -1
10 15 1
11 10 -1
11 12 1
12 29 1
12 14 -1
13 4 -1
13 14 1
14 26 -1
14 25 1
15 21 -1
15 24 1
16 25 -1
16 22 1
17 26 1
17 22 -1
18 29 -1
18 4 1
19 13 -1
19 7 1
20 16 -1
20 8 1
21 8 -1
21 3 1
22 28 -1
22 27 1
23 24 -1
23 18 1
24 10 1
24 2 -1
25 13 1
25 20 -1
26 12 -1
26 2 1
27 16 1
27 3 -1
28 17 -1
28 19 1
29 1 -1
29 11 1
(-6,-2)=0 (-6,4)=1 (3,7)=2 (-5,3)=3 (0,2)=4 (-8,-2)=5 (-4,4)=6 (-2,4)=7 (-6,0)=8 (-3,5)=9 (-8,0)=10 (-9,-1)=11 (2,4)=12 (0,4)=13 (1,5)=14 (-7,1)=15 (-4,0)=16 (-2,0)=17 (-11,-3)=18 (-1,3)=19 (-5,-1)=20 (-6,2)=21 (-3,1)=22 (0,0)=23 (-8,2)=24 (0,6)=25 (2,6)=26 (-4,2)=27 (-2,2)=28 (-10,-2)=29