0 10 -1
0 4 1
1 26 1
1 0 -1
2 22 -1
2 8 1
3 14 1
3 6 -1
4 21 1
4 9 -1
5 27 1
5 8 -1
6 12 -1
6 16 1
7 19 -1
7 9 1
8 26 -1
8 11 1
9 14 -1
9 17 1
10 1 -1
10 13 1
11 2 1
11 13 -1
12 3 -1
12 24 1
13 21 -1
13 19 1
14 4 -1
14 23 1
15 27 -1
15 22 1
16 18 1
16 15 -1
17 7 1
17 24 -1
18 17 -1
18 6 1
19 10 1
19 23 -1
20 2 -1
20 1 1
21 11 -1
21 0 1
22 29 1
22 20 -1
23 7 -1
23 3 1
24 18 -1
24 25 1
25 12 1
25 28 -1
26 5 -1
26 20 1
27 16 -1
27 28 1
28 29 -1
28 5 1
29 25 -1
29 15 1
(-13,11)=0 (-12,10)=1 (-10,10)=2 (-6,4)=3 (-14,12)=4 (-8,10)=5 (-7,5)=6 (-4,4)=7 (-9,11)=8 (-15,13)=9 (-12,12)=10 (-10,12)=11 (-6,6)=12 (-11,13)=13 (-14,14)=14 (-9,7)=15 (-8,6)=16 (-4,6)=17 (-16,16)=18 (-12,14)=19 (-11,9)=20 (-2,2)=21 (-10,8)=22 (-13,15)=23 (-5,7)=24 (-6,8)=25 (0,0)=26 (-8,8)=27 (-7,9)=28 (-18,18)=29