0 19 -1
0 18 1
1 6 -1
1 3 1
2 20 1
2 12 -1
3 26 1
3 18 -1
4 27 -1
4 9 1
5 4 -1
5 28 1
6 28 -1
6 7 1
7 22 -1
7 16 1
8 29 1
8 9 -1
9 17 -1
9 15 1
10 0 1
10 13 -1
11 2 -1
11 13 1
12 11 -1
12 8 1
13 20 -1
13 23 1
14 3 -1
14 21 1
15 4 1
15 7 -1
16 6 1
16 21 -1
17 8 -1
17 25 1
18 14 -1
18 10 1
19 14 1
19 24 -1
20 10 -1
20 24 1
21 26 -1
21 19 1
22 15 -1
22 5 1
23 11 1
23 25 -1
24 0 -1
24 2 1
25 29 -1
25 27 1
26 16 -1
26 1 1
27 17 1
27 5 -1
28 22 1
28 1 -1
29 23 -1
29 12 1
(-6,-2)=0 (-3,-3)=1 (-8,-2)=2 (-4,-2)=3 (-12,0)=4 (-13,-1)=5 (-2,-2)=6 (-1,-1)=7 (-10,0)=8 (-11,1)=9 (-6,0)=10 (-8,0)=11 (-9,-1)=12 (-7,1)=13 (-4,0)=14 (-12,2)=15 (-2,0)=16 (-10,2)=17 (-5,-1)=18 (-6,-4)=19 (-6,2)=20 (-3,1)=21 (0,0)=22 (-8,2)=23 (-7,-3)=24 (-9,3)=25 (-4,-4)=26 (-12,-2)=27 (-2,-4)=28 (-10,-2)=29