0 19 -1
0 20 1
1 21 1
1 7 -1
2 8 -1
2 5 1
3 6 -1
3 1 1
4 25 1
4 10 -1
5 26 1
5 20 -1
6 27 -1
6 13 1
7 12 -1
7 28 1
8 28 -1
8 9 1
9 25 -1
9 18 1
10 17 -1
10 15 1
11 0 1
11 14 -1
12 1 -1
12 22 1
13 26 -1
13 19 1
14 21 -1
14 4 1
15 29 1
15 13 -1
16 5 -1
16 23 1
17 4 -1
17 7 1
18 8 1
18 23 -1
19 6 1
19 22 -1
20 16 -1
20 11 1
21 11 -1
21 3 1
22 0 -1
22 24 1
23 29 -1
23 27 1
24 12 1
24 9 -1
25 24 -1
25 14 1
26 15 -1
26 2 1
27 16 1
27 3 -1
28 17 1
28 2 -1
29 18 -1
29 10 1
(-6,-2)=0 (-6,4)=1 (-3,-3)=2 (-5,3)=3 (-2,-8)=4 (-4,-2)=5 (-4,4)=6 (-1,-5)=7 (-2,-2)=8 (-1,-1)=9 (-3,-7)=10 (-6,0)=11 (-6,6)=12 (-3,5)=13 (-7,1)=14 (-4,-6)=15 (-4,0)=16 (-2,-6)=17 (-2,0)=18 (-4,6)=19 (-5,-1)=20 (-6,2)=21 (-5,7)=22 (-3,1)=23 (-6,8)=24 (0,0)=25 (-4,-4)=26 (-4,2)=27 (-2,-4)=28 (-2,2)=29