0 19 1
0 4 -1
1 20 1
1 2 -1
2 24 -1
2 0 1
3 22 -1
3 14 1
4 23 -1
4 9 1
5 24 1
5 7 -1
6 13 -1
6 12 1
7 15 -1
7 10 1
8 28 1
8 12 -1
9 29 1
9 14 -1
10 23 1
10 18 -1
11 25 -1
11 21 1
12 19 -1
12 17 1
13 3 1
13 16 -1
14 28 -1
14 13 1
15 5 -1
15 16 1
16 6 -1
16 25 1
17 6 1
17 21 -1
18 20 -1
18 8 1
19 8 -1
19 2 1
20 10 -1
20 27 1
21 29 -1
21 22 1
22 11 1
22 26 -1
23 0 -1
23 7 1
24 1 -1
24 26 1
25 15 1
25 27 -1
26 3 -1
26 5 1
27 11 -1
27 1 1
28 9 -1
28 18 1
29 17 -1
29 4 1
(-2,8)=0 (-10,16)=1 (-11,17)=2 (-6,10)=3 (-3,9)=4 (-8,10)=5 (-4,4)=6 (-9,11)=7 (-2,4)=8 (-4,10)=9 (-10,12)=10 (-6,6)=11 (-3,5)=12 (-6,12)=13 (-5,11)=14 (-8,12)=15 (-7,13)=16 (-4,6)=17 (-1,3)=18 (-2,6)=19 (-10,14)=20 (-5,7)=21 (-6,8)=22 (0,0)=23 (-8,8)=24 (-8,14)=25 (-7,9)=26 (-9,15)=27 (-2,2)=28 (-4,8)=29