0 20 -1
0 2 1
1 0 -1
1 27 1
2 10 -1
2 12 1
3 23 -1
3 4 1
4 15 -1
4 14 1
5 29 1
5 4 -1
6 27 -1
6 13 1
7 18 1
7 11 -1
8 6 1
8 19 -1
9 3 -1
9 7 1
10 28 -1
10 19 1
11 16 -1
11 5 1
12 0 1
12 13 -1
13 21 -1
13 8 1
14 3 1
14 25 -1
15 5 -1
15 1 1
16 7 -1
16 25 1
17 10 1
17 22 -1
18 8 -1
18 9 1
19 18 -1
19 17 1
20 16 1
20 1 -1
21 12 -1
21 22 1
22 29 -1
22 23 1
23 21 1
23 9 -1
24 14 -1
24 26 1
25 24 -1
25 20 1
26 6 -1
26 28 1
27 15 1
27 26 -1
28 24 1
28 2 -1
29 17 -1
29 11 1
(4,0)=0 (3,-1)=1 (5,1)=2 (0,-4)=3 (1,-3)=4 (2,-4)=5 (2,2)=6 (8,6)=7 (-2,-8)=8 (-1,-5)=9 (6,2)=10 (7,7)=11 (4,2)=12 (3,3)=13 (0,-2)=14 (2,-2)=15 (8,8)=16 (6,4)=17 (-2,-6)=18 (7,3)=19 (4,-2)=20 (4,4)=21 (5,5)=22 (0,-6)=23 (0,0)=24 (9,9)=25 (1,1)=26 (2,0)=27 (6,0)=28 (6,6)=29