0 4 -1
0 8 1
1 21 -1
1 20 1
2 7 -1
2 5 1
3 6 -1
3 28 1
4 25 -1
4 12 1
5 26 1
5 20 -1
6 27 -1
6 13 1
7 28 -1
7 9 1
8 29 1
8 13 -1
9 23 -1
9 17 1
10 8 -1
10 19 1
11 1 1
11 12 -1
12 16 -1
12 14 1
13 10 -1
13 18 1
14 4 1
14 19 -1
15 5 -1
15 22 1
16 11 -1
16 3 1
17 7 1
17 22 -1
18 6 1
18 9 -1
19 26 -1
19 21 1
20 15 -1
20 11 1
21 10 1
21 24 -1
22 29 -1
22 27 1
23 18 -1
23 24 1
24 1 -1
24 25 1
25 23 1
25 0 -1
26 14 -1
26 2 1
27 15 1
27 3 -1
28 16 1
28 2 -1
29 17 -1
29 0 1
(-5,-9)=0 (-6,-2)=1 (-3,-3)=2 (-5,3)=3 (-4,-8)=4 (-4,-2)=5 (-4,4)=6 (-2,-2)=7 (-2,4)=8 (-1,-1)=9 (-6,-6)=10 (-6,0)=11 (-3,-7)=12 (-3,5)=13 (-4,-6)=14 (-4,0)=15 (-2,-6)=16 (-2,0)=17 (-4,6)=18 (-5,-5)=19 (-5,-1)=20 (-6,-4)=21 (-3,1)=22 (0,0)=23 (-7,-3)=24 (-4,-10)=25 (-4,-4)=26 (-4,2)=27 (-2,-4)=28 (-2,2)=29