0 7 -1
0 5 1
1 21 1
1 4 -1
2 6 -1
2 1 1
3 21 -1
3 10 1
4 12 -1
4 14 1
5 25 1
5 20 -1
6 26 -1
6 13 1
7 27 -1
7 9 1
8 28 1
8 13 -1
9 24 -1
9 16 1
10 29 1
10 9 -1
11 19 1
11 3 -1
12 1 -1
12 22 1
13 19 -1
13 17 1
14 24 1
14 18 -1
15 5 -1
15 23 1
16 7 1
16 23 -1
17 6 1
17 22 -1
18 25 -1
18 8 1
19 8 -1
19 20 1
20 15 -1
20 11 1
21 11 -1
21 2 1
22 29 -1
22 27 1
23 28 -1
23 26 1
24 10 -1
24 4 1
25 14 -1
25 0 1
26 15 1
26 2 -1
27 12 1
27 0 -1
28 16 -1
28 18 1
29 17 -1
29 3 1
(-3,-3)=0 (-6,4)=1 (-5,3)=2 (-3,9)=3 (-7,5)=4 (-4,-2)=5 (-4,4)=6 (-2,-2)=7 (-2,4)=8 (-1,-1)=9 (-4,10)=10 (-6,0)=11 (-6,6)=12 (-3,5)=13 (-4,-6)=14 (-4,0)=15 (-2,0)=16 (-4,6)=17 (-1,3)=18 (-2,6)=19 (-5,-1)=20 (-6,2)=21 (-5,7)=22 (-3,1)=23 (0,0)=24 (-4,-4)=25 (-4,2)=26 (-2,-4)=27 (-2,2)=28 (-4,8)=29