0 20 1
0 5 -1
1 6 -1
1 0 1
2 9 -1
2 8 1
3 14 -1
3 7 1
4 25 -1
4 5 1
5 12 -1
5 15 1
6 26 -1
6 13 1
7 27 1
7 13 -1
8 28 1
8 3 -1
9 29 -1
9 10 1
10 24 -1
10 11 1
11 9 1
11 16 -1
12 0 -1
12 21 1
13 19 -1
13 18 1
14 8 -1
14 16 1
15 4 1
15 10 -1
16 20 -1
16 25 1
17 27 -1
17 26 1
18 6 1
18 21 -1
19 7 -1
19 23 1
20 11 -1
20 1 1
21 28 -1
21 22 1
22 12 1
22 17 -1
23 4 -1
23 29 1
24 15 -1
24 17 1
25 14 1
25 23 -1
26 24 1
26 1 -1
27 22 -1
27 3 1
28 18 -1
28 2 1
29 19 1
29 2 -1
(-6,-8)=0 (-5,-9)=1 (-3,-3)=2 (-9,-13)=3 (-8,-8)=4 (-7,-7)=5 (-4,-8)=6 (-10,-12)=7 (-4,-2)=8 (-2,-2)=9 (-1,-1)=10 (-6,-12)=11 (-6,-6)=12 (-3,-7)=13 (-8,-12)=14 (-8,-6)=15 (-7,-11)=16 (-11,-15)=17 (-4,-6)=18 (-2,-6)=19 (-6,-10)=20 (-5,-5)=21 (-6,-4)=22 (-9,-9)=23 (0,0)=24 (-8,-10)=25 (-4,-10)=26 (-10,-14)=27 (-4,-4)=28 (-2,-4)=29