0 20 1
0 4 -1
1 11 -1
1 8 1
2 6 1
2 1 -1
3 23 -1
3 4 1
4 29 -1
4 12 1
5 24 1
5 19 -1
6 25 -1
6 7 1
7 18 -1
7 2 1
8 27 1
8 7 -1
9 29 1
9 14 -1
10 6 -1
10 15 1
11 2 -1
11 13 1
12 3 1
12 26 -1
13 20 -1
13 23 1
14 21 -1
14 5 1
15 21 1
15 17 -1
16 5 -1
16 17 1
17 27 -1
17 25 1
18 8 -1
18 22 1
19 16 -1
19 9 1
20 28 -1
20 26 1
21 9 -1
21 10 1
22 3 -1
22 28 1
23 11 1
23 22 -1
24 12 -1
24 14 1
25 16 1
25 10 -1
26 24 -1
26 0 1
27 15 -1
27 1 1
28 18 1
28 13 -1
29 0 -1
29 19 1
(6,12)=0 (3,7)=1 (4,6)=2 (4,12)=3 (5,13)=4 (0,2)=5 (0,8)=6 (1,9)=7 (2,8)=8 (-2,4)=9 (-1,7)=10 (4,8)=11 (4,14)=12 (5,9)=13 (-3,5)=14 (2,4)=15 (0,4)=16 (1,5)=17 (2,10)=18 (-1,3)=19 (6,10)=20 (-2,6)=21 (3,11)=22 (4,10)=23 (0,0)=24 (0,6)=25 (7,11)=26 (2,6)=27 (2,12)=28 (-2,2)=29