0 9 -1
0 16 1
1 19 1
1 0 -1
2 21 1
2 17 -1
3 9 1
3 5 -1
4 6 -1
4 8 1
5 11 -1
5 7 1
6 29 1
6 23 -1
7 28 1
7 10 -1
8 19 -1
8 12 1
9 1 -1
9 10 1
10 18 -1
10 3 1
11 3 -1
11 22 1
12 4 1
12 15 -1
13 2 -1
13 15 1
14 18 1
14 22 -1
15 27 -1
15 25 1
16 27 1
16 20 -1
17 13 -1
17 6 1
18 7 -1
18 26 1
19 25 -1
19 20 1
20 28 -1
20 1 1
21 24 -1
21 23 1
22 29 -1
22 24 1
23 4 -1
23 2 1
24 11 1
24 26 -1
25 13 1
25 8 -1
26 21 -1
26 14 1
27 12 -1
27 0 1
28 16 -1
28 5 1
29 14 -1
29 17 1
(3,7)=0 (4,6)=1 (0,2)=2 (8,6)=3 (2,2)=4 (7,7)=5 (-2,4)=6 (6,8)=7 (3,3)=8 (4,8)=9 (5,9)=10 (8,8)=11 (2,4)=12 (0,4)=13 (10,8)=14 (1,5)=15 (6,4)=16 (-1,3)=17 (6,10)=18 (4,4)=19 (5,5)=20 (0,0)=21 (9,9)=22 (1,1)=23 (8,10)=24 (0,6)=25 (7,11)=26 (2,6)=27 (6,6)=28 (-2,2)=29