0 11 -1
0 10 1
1 8 -1
1 6 1
2 21 1
2 5 -1
3 7 -1
3 2 1
4 24 -1
4 5 1
5 13 -1
5 15 1
6 23 1
6 20 -1
7 27 -1
7 16 1
8 10 -1
8 9 1
9 23 -1
9 18 1
10 26 1
10 1 -1
11 29 -1
11 14 1
12 28 1
12 16 -1
13 2 -1
13 25 1
14 26 -1
14 19 1
15 4 1
15 14 -1
16 21 -1
16 24 1
17 6 -1
17 22 1
18 8 1
18 22 -1
19 11 1
19 9 -1
20 17 -1
20 12 1
21 12 -1
21 3 1
22 28 -1
22 27 1
23 19 -1
23 1 1
24 7 1
24 25 -1
25 4 -1
25 29 1
26 15 -1
26 0 1
27 17 1
27 3 -1
28 18 -1
28 20 1
29 13 1
29 0 -1
(-11,5)=0 (-3,-3)=1 (-6,4)=2 (-5,3)=3 (-8,4)=4 (-7,5)=5 (-4,-2)=6 (-4,4)=7 (-2,-2)=8 (-1,-1)=9 (-12,6)=10 (-10,6)=11 (-6,0)=12 (-6,6)=13 (-9,7)=14 (-8,6)=15 (-7,1)=16 (-4,0)=17 (-2,0)=18 (-10,8)=19 (-5,-1)=20 (-6,2)=21 (-3,1)=22 (0,0)=23 (-8,2)=24 (-9,3)=25 (-8,8)=26 (-4,2)=27 (-2,2)=28 (-10,4)=29