0 8 1
0 4 -1
1 20 -1
1 21 1
2 8 -1
2 6 1
3 6 -1
3 4 1
4 12 -1
4 14 1
5 11 -1
5 15 1
6 25 1
6 21 -1
7 26 1
7 9 -1
8 27 -1
8 9 1
9 22 -1
9 0 1
10 29 -1
10 13 1
11 18 -1
11 16 1
12 0 -1
12 19 1
13 23 -1
13 18 1
14 3 1
14 13 -1
15 22 1
15 19 -1
16 26 -1
16 27 1
17 23 1
17 16 -1
18 10 1
18 5 -1
19 25 -1
19 20 1
20 12 1
20 24 -1
21 3 -1
21 29 1
22 7 -1
22 5 1
23 14 -1
23 24 1
24 1 -1
24 17 1
25 15 -1
25 2 1
26 17 -1
26 28 1
27 11 1
27 2 -1
28 10 -1
28 7 1
29 1 1
29 28 -1
(-6,-8)=0 (-6,-2)=1 (-3,-3)=2 (-8,-8)=3 (-7,-7)=4 (-15,-11)=5 (-4,-2)=6 (-12,-6)=7 (-2,-2)=8 (-1,-1)=9 (-10,-6)=10 (-14,-10)=11 (-6,-6)=12 (-9,-5)=13 (-8,-6)=14 (-4,-6)=15 (-13,-9)=16 (-12,-10)=17 (-10,-4)=18 (-5,-5)=19 (-6,-4)=20 (-9,-9)=21 (0,0)=22 (-8,-4)=23 (-7,-3)=24 (-4,-4)=25 (-12,-8)=26 (-2,-4)=27 (-11,-7)=28 (-10,-8)=29