0 19 -1
0 18 1
1 4 -1
1 3 1
2 23 1
2 10 -1
3 26 1
3 18 -1
4 28 -1
4 5 1
5 22 -1
5 14 1
6 14 -1
6 17 1
7 0 1
7 11 -1
8 23 -1
8 16 1
9 2 -1
9 11 1
10 9 -1
10 28 1
11 20 -1
11 24 1
12 22 1
12 17 -1
13 3 -1
13 21 1
14 4 1
14 21 -1
15 29 -1
15 12 1
16 20 1
16 15 -1
17 26 -1
17 19 1
18 13 -1
18 7 1
19 6 1
19 25 -1
20 7 -1
20 8 1
21 6 -1
21 27 1
22 24 -1
22 15 1
23 27 -1
23 25 1
24 9 1
24 5 -1
25 0 -1
25 2 1
26 12 -1
26 1 1
27 13 1
27 8 -1
28 29 1
28 1 -1
29 16 -1
29 10 1
(-6,-2)=0 (-3,-3)=1 (-8,-2)=2 (-4,-2)=3 (-2,-2)=4 (-1,-1)=5 (-6,-6)=6 (-6,0)=7 (-9,-5)=8 (-8,0)=9 (-9,-1)=10 (-7,1)=11 (-4,-6)=12 (-4,0)=13 (-2,0)=14 (-11,-3)=15 (-10,-4)=16 (-5,-5)=17 (-5,-1)=18 (-6,-4)=19 (-6,2)=20 (-3,1)=21 (0,0)=22 (-8,-4)=23 (-8,2)=24 (-7,-3)=25 (-4,-4)=26 (-4,2)=27 (-2,-4)=28 (-10,-2)=29