0 11 -1
0 7 1
1 20 1
1 0 -1
2 23 -1
2 18 1
3 23 1
3 19 -1
4 24 -1
4 10 1
5 25 -1
5 6 1
6 17 -1
6 15 1
7 28 1
7 6 -1
8 29 1
8 10 -1
9 5 -1
9 1 1
10 20 -1
10 13 1
11 1 -1
11 12 1
12 26 -1
12 21 1
13 4 1
13 16 -1
14 3 -1
14 16 1
15 5 1
15 12 -1
16 28 -1
16 25 1
17 7 -1
17 2 1
18 17 1
18 22 -1
19 14 -1
19 8 1
20 8 -1
20 9 1
21 11 1
21 2 -1
22 29 -1
22 24 1
23 21 -1
23 27 1
24 26 1
24 27 -1
25 14 1
25 9 -1
26 15 -1
26 22 1
27 4 -1
27 3 1
28 13 -1
28 0 1
29 18 -1
29 19 1
(3,-5)=0 (4,-6)=1 (3,-1)=2 (0,-10)=3 (2,-10)=4 (0,-4)=5 (1,-3)=6 (2,-4)=7 (-2,-8)=8 (-1,-5)=9 (3,-9)=10 (4,-4)=11 (5,-3)=12 (2,-8)=13 (0,-8)=14 (0,-2)=15 (1,-7)=16 (2,-2)=17 (-2,-12)=18 (-1,-9)=19 (-2,-6)=20 (4,-2)=21 (-3,-11)=22 (0,-12)=23 (2,-12)=24 (0,-6)=25 (0,0)=26 (1,-11)=27 (2,-6)=28 (-2,-10)=29