0 25 -1
0 20 1
1 19 1
1 2 -1
2 11 -1
2 3 1
3 23 1
3 18 -1
4 24 -1
4 6 1
5 25 1
5 21 -1
6 16 -1
6 13 1
7 27 1
7 6 -1
8 28 -1
8 18 1
9 8 1
9 17 -1
10 4 -1
10 1 1
11 1 -1
11 0 1
12 3 -1
12 15 1
13 4 1
13 0 -1
14 5 -1
14 17 1
15 27 -1
15 24 1
16 7 -1
16 22 1
17 19 -1
17 29 1
18 12 -1
18 9 1
19 9 -1
19 10 1
20 11 1
20 15 -1
21 14 -1
21 7 1
22 23 -1
22 28 1
23 29 -1
23 2 1
24 12 1
24 10 -1
25 13 -1
25 26 1
26 8 -1
26 5 1
27 20 -1
27 21 1
28 16 1
28 26 -1
29 14 1
29 22 -1
(-1,11)=0 (-2,8)=1 (-3,9)=2 (0,2)=3 (0,8)=4 (0,14)=5 (1,9)=6 (2,8)=7 (2,14)=8 (-2,4)=9 (-1,7)=10 (-2,10)=11 (0,4)=12 (0,10)=13 (0,16)=14 (1,5)=15 (2,10)=16 (1,17)=17 (-1,3)=18 (-2,6)=19 (-2,12)=20 (-1,15)=21 (3,11)=22 (0,0)=23 (0,6)=24 (0,12)=25 (1,13)=26 (2,6)=27 (2,12)=28 (0,18)=29