0 25 1
0 18 -1
1 19 1
1 9 -1
2 22 -1
2 21 1
3 7 -1
3 5 1
4 6 -1
4 14 1
5 27 1
5 21 -1
6 28 -1
6 12 1
7 17 -1
7 9 1
8 29 1
8 12 -1
9 25 -1
9 16 1
10 0 -1
10 20 1
11 2 1
11 13 -1
12 19 -1
12 17 1
13 23 -1
13 0 1
14 23 1
14 20 -1
15 5 -1
15 24 1
16 7 1
16 24 -1
17 6 1
17 3 -1
18 10 -1
18 8 1
19 8 -1
19 26 1
20 27 -1
20 22 1
21 15 -1
21 11 1
22 10 1
22 26 -1
23 11 -1
23 4 1
24 29 -1
24 28 1
25 1 -1
25 13 1
26 2 -1
26 1 1
27 14 -1
27 3 1
28 15 1
28 4 -1
29 16 -1
29 18 1
(-6,-8)=0 (-2,8)=1 (-6,-2)=2 (-3,-3)=3 (-5,3)=4 (-4,-2)=5 (-4,4)=6 (-2,-2)=7 (-2,4)=8 (-1,-1)=9 (-6,-6)=10 (-6,0)=11 (-3,5)=12 (-7,1)=13 (-4,-6)=14 (-4,0)=15 (-2,0)=16 (-4,6)=17 (-1,3)=18 (-2,6)=19 (-5,-5)=20 (-5,-1)=21 (-6,-4)=22 (-6,2)=23 (-3,1)=24 (0,0)=25 (-7,-3)=26 (-4,-4)=27 (-4,2)=28 (-2,2)=29