0 18 1
0 3 -1
1 19 1
1 5 -1
2 6 -1
2 1 1
3 23 -1
3 15 1
4 24 -1
4 5 1
5 9 -1
5 12 1
6 27 -1
6 10 1
7 28 1
7 10 -1
8 25 1
8 13 -1
9 1 -1
9 20 1
10 18 -1
10 16 1
11 25 -1
11 0 1
12 4 1
12 11 -1
13 19 -1
13 24 1
14 22 -1
14 21 1
15 29 1
15 21 -1
16 6 1
16 20 -1
17 4 -1
17 7 1
18 7 -1
18 11 1
19 8 -1
19 2 1
20 29 -1
20 22 1
21 28 -1
21 27 1
22 9 1
22 26 -1
23 0 -1
23 13 1
24 23 1
24 17 -1
25 12 -1
25 26 1
26 14 -1
26 8 1
27 14 1
27 2 -1
28 15 -1
28 17 1
29 16 -1
29 3 1
(-2,8)=0 (-6,4)=1 (-5,3)=2 (-3,9)=3 (-8,4)=4 (-7,5)=5 (-4,4)=6 (-2,4)=7 (-6,0)=8 (-6,6)=9 (-3,5)=10 (-9,7)=11 (-8,6)=12 (-7,1)=13 (-4,0)=14 (-2,0)=15 (-4,6)=16 (-1,3)=17 (-2,6)=18 (-6,2)=19 (-5,7)=20 (-3,1)=21 (-6,8)=22 (0,0)=23 (-8,2)=24 (-8,8)=25 (-7,9)=26 (-4,2)=27 (-2,2)=28 (-4,8)=29