0 20 1
0 3 -1
1 21 1
1 14 -1
2 7 -1
2 1 1
3 16 -1
3 10 1
4 25 1
4 19 -1
5 26 -1
5 6 1
6 25 -1
6 17 1
7 27 -1
7 12 1
8 28 1
8 12 -1
9 5 -1
9 0 1
10 29 1
10 15 -1
11 1 -1
11 22 1
12 20 -1
12 18 1
13 4 -1
13 14 1
14 11 -1
14 26 1
15 21 -1
15 4 1
16 0 -1
16 23 1
17 5 1
17 23 -1
18 7 1
18 22 -1
19 13 -1
19 8 1
20 8 -1
20 9 1
21 10 -1
21 2 1
22 29 -1
22 24 1
23 28 -1
23 27 1
24 11 1
24 6 -1
25 24 -1
25 15 1
26 13 1
26 9 -1
27 16 1
27 2 -1
28 17 -1
28 19 1
29 18 -1
29 3 1
(-2,8)=0 (-6,4)=1 (-5,3)=2 (-3,9)=3 (0,2)=4 (0,8)=5 (1,9)=6 (-4,4)=7 (-2,4)=8 (-1,7)=9 (-6,0)=10 (-6,6)=11 (-3,5)=12 (0,4)=13 (1,5)=14 (-7,1)=15 (-4,0)=16 (-2,0)=17 (-4,6)=18 (-1,3)=19 (-2,6)=20 (-6,2)=21 (-5,7)=22 (-3,1)=23 (-6,8)=24 (0,0)=25 (0,6)=26 (-4,2)=27 (-2,2)=28 (-4,8)=29