0 22 1
0 6 -1
1 19 1
1 2 -1
2 10 -1
2 26 1
3 5 -1
3 0 1
4 24 -1
4 6 1
5 13 -1
5 14 1
6 12 -1
6 13 1
7 26 -1
7 9 1
8 10 1
8 9 -1
9 17 -1
9 18 1
10 1 -1
10 11 1
11 25 -1
11 8 1
12 0 -1
12 20 1
13 4 1
13 3 -1
14 19 -1
14 15 1
15 5 1
15 20 -1
16 22 -1
16 24 1
17 8 -1
17 23 1
18 7 1
18 11 -1
19 21 -1
19 27 1
20 28 -1
20 21 1
21 12 1
21 14 -1
22 29 -1
22 3 1
23 4 -1
23 29 1
24 25 1
24 23 -1
25 18 -1
25 16 1
26 28 1
26 27 -1
27 7 -1
27 1 1
28 15 -1
28 2 1
29 17 1
29 16 -1
(-6,-8)=0 (-14,-12)=1 (-3,-3)=2 (-17,-17)=3 (-8,-8)=4 (-16,-16)=5 (-7,-7)=6 (-12,-12)=7 (-10,-12)=8 (-11,-11)=9 (-2,-2)=10 (-1,-1)=11 (-6,-6)=12 (-8,-6)=13 (-15,-15)=14 (-4,-6)=15 (-19,-19)=16 (-10,-10)=17 (-12,-10)=18 (-14,-14)=19 (-5,-5)=20 (-6,-4)=21 (-18,-18)=22 (-9,-9)=23 (-8,-10)=24 (0,0)=25 (-12,-14)=26 (-13,-13)=27 (-4,-4)=28 (-10,-8)=29