0 22 -1
0 23 1
1 28 1
1 24 -1
2 19 1
2 0 -1
3 7 -1
3 1 1
4 29 -1
4 27 1
5 22 1
5 18 -1
6 1 -1
6 11 1
7 27 -1
7 12 1
8 9 -1
8 17 1
9 29 1
9 12 -1
10 7 1
10 11 -1
11 19 -1
11 13 1
12 8 -1
12 10 1
13 6 1
13 15 -1
14 5 -1
14 15 1
15 26 -1
15 25 1
16 8 1
16 20 -1
17 21 -1
17 16 1
18 14 -1
18 9 1
19 10 -1
19 20 1
20 28 -1
20 2 1
21 25 -1
21 4 1
22 2 -1
22 24 1
23 26 1
23 4 -1
24 6 -1
24 5 1
25 14 1
25 17 -1
26 13 -1
26 0 1
27 21 1
27 3 -1
28 16 -1
28 3 1
29 23 -1
29 18 1
(3,7)=0 (-6,4)=1 (4,6)=2 (-5,3)=3 (9,5)=4 (0,2)=5 (2,2)=6 (-4,4)=7 (6,2)=8 (-2,4)=9 (4,2)=10 (3,3)=11 (-3,5)=12 (2,4)=13 (0,4)=14 (1,5)=15 (6,4)=16 (7,3)=17 (-1,3)=18 (4,4)=19 (5,5)=20 (8,4)=21 (0,0)=22 (10,4)=23 (1,1)=24 (0,6)=25 (2,6)=26 (-4,2)=27 (6,6)=28 (-2,2)=29