0 25 -1
0 4 1
1 7 -1
1 18 1
2 24 -1
2 3 1
3 17 -1
3 13 1
4 26 1
4 3 -1
5 25 1
5 10 -1
6 28 1
6 11 -1
7 27 -1
7 11 1
8 2 -1
8 29 1
9 17 1
9 15 -1
10 16 -1
10 9 1
11 21 -1
11 19 1
12 19 -1
12 14 1
13 2 1
13 0 -1
14 26 -1
14 24 1
15 22 -1
15 5 1
16 5 -1
16 23 1
17 4 -1
17 10 1
18 22 1
18 23 -1
19 7 1
19 20 -1
20 12 -1
20 6 1
21 6 -1
21 8 1
22 9 -1
22 1 1
23 28 -1
23 27 1
24 12 1
24 8 -1
25 13 -1
25 15 1
26 29 -1
26 0 1
27 16 1
27 1 -1
28 18 -1
28 20 1
29 21 1
29 14 -1
(3,-5)=0 (-5,-9)=1 (0,-4)=2 (1,-3)=3 (2,-4)=4 (-4,-14)=5 (-2,-8)=6 (-4,-8)=7 (-1,-5)=8 (-6,-12)=9 (-5,-13)=10 (-3,-7)=11 (0,-8)=12 (0,-2)=13 (1,-7)=14 (-7,-11)=15 (-4,-12)=16 (2,-2)=17 (-2,-12)=18 (-4,-6)=19 (-1,-9)=20 (-2,-6)=21 (-6,-10)=22 (-3,-11)=23 (0,-6)=24 (0,0)=25 (2,-6)=26 (-4,-10)=27 (-2,-10)=28 (-2,-4)=29