0 9 -1
0 28 1
1 2 -1
1 27 1
2 23 -1
2 3 1
3 11 -1
3 12 1
4 25 -1
4 6 1
5 7 -1
5 25 1
6 16 -1
6 14 1
7 29 -1
7 17 1
8 7 1
8 6 -1
9 12 -1
9 13 1
10 4 -1
10 29 1
11 28 -1
11 21 1
12 2 1
12 0 -1
13 20 -1
13 18 1
14 4 1
14 17 -1
15 22 -1
15 23 1
16 8 -1
16 1 1
17 26 -1
17 8 1
18 9 1
18 21 -1
19 11 1
19 13 -1
20 19 -1
20 10 1
21 24 -1
21 19 1
22 27 -1
22 0 1
23 26 1
23 1 -1
24 18 -1
24 5 1
25 24 1
25 10 -1
26 14 -1
26 15 1
27 16 1
27 15 -1
28 22 1
28 3 -1
29 20 1
29 5 -1
(-5,-9)=0 (3,-1)=1 (4,0)=2 (5,1)=3 (0,-4)=4 (9,5)=5 (1,-3)=6 (10,6)=7 (2,-4)=8 (-4,-8)=9 (-1,-5)=10 (6,2)=11 (4,2)=12 (-3,-7)=13 (0,-2)=14 (-7,-11)=15 (2,-2)=16 (11,7)=17 (-4,-6)=18 (6,4)=19 (-2,-6)=20 (7,3)=21 (-6,-10)=22 (4,-2)=23 (8,4)=24 (0,-6)=25 (0,0)=26 (2,0)=27 (6,0)=28 (-2,-4)=29