0 20 1
0 6 -1
1 8 -1
1 0 1
2 10 -1
2 27 1
3 14 -1
3 23 1
4 23 -1
4 24 1
5 26 -1
5 6 1
6 12 -1
6 16 1
7 10 1
7 13 -1
8 27 -1
8 13 1
9 4 -1
9 29 1
10 29 -1
10 11 1
11 25 -1
11 7 1
12 0 -1
12 21 1
13 19 -1
13 18 1
14 16 -1
14 17 1
15 4 1
15 11 -1
16 5 1
16 3 -1
17 20 -1
17 26 1
18 8 1
18 21 -1
19 7 -1
19 9 1
20 22 -1
20 1 1
21 28 -1
21 22 1
22 12 1
22 17 -1
23 25 1
23 9 -1
24 5 -1
24 15 1
25 15 -1
25 3 1
26 14 1
26 24 -1
27 28 1
27 1 -1
28 18 -1
28 2 1
29 19 1
29 2 -1
(-6,-8)=0 (-5,-9)=1 (-3,-3)=2 (-9,-13)=3 (0,-4)=4 (-8,-8)=5 (-7,-7)=6 (-2,-8)=7 (-4,-8)=8 (-1,-5)=9 (-2,-2)=10 (-1,-1)=11 (-6,-6)=12 (-3,-7)=13 (-8,-12)=14 (0,-2)=15 (-8,-6)=16 (-7,-11)=17 (-4,-6)=18 (-2,-6)=19 (-6,-10)=20 (-5,-5)=21 (-6,-4)=22 (0,-6)=23 (-9,-9)=24 (0,0)=25 (-8,-10)=26 (-4,-10)=27 (-4,-4)=28 (-2,-4)=29