0 13 -1
0 7 1
1 23 1
1 0 -1
2 4 -1
2 16 1
3 27 -1
3 4 1
4 25 1
4 9 -1
5 26 -1
5 6 1
6 20 -1
6 18 1
7 28 1
7 6 -1
8 10 -1
8 22 1
9 2 -1
9 10 1
10 29 1
10 14 -1
11 13 1
11 12 -1
12 23 -1
12 17 1
13 1 -1
13 14 1
14 8 -1
14 11 1
15 2 1
15 22 -1
16 5 -1
16 15 1
17 20 1
17 19 -1
18 5 1
18 3 -1
19 28 -1
19 26 1
20 7 -1
20 12 1
21 8 1
21 24 -1
22 25 -1
22 21 1
23 11 -1
23 24 1
24 29 -1
24 1 1
25 15 -1
25 3 1
26 27 1
26 16 -1
27 18 -1
27 19 1
28 17 -1
28 0 1
29 21 -1
29 9 1
(3,-5)=0 (4,-6)=1 (8,-12)=2 (9,-7)=3 (8,-6)=4 (0,-4)=5 (1,-3)=6 (2,-4)=7 (6,-10)=8 (7,-5)=9 (6,-4)=10 (4,-10)=11 (3,-9)=12 (4,-4)=13 (5,-3)=14 (8,-10)=15 (9,-11)=16 (2,-8)=17 (0,-2)=18 (1,-7)=19 (2,-2)=20 (6,-8)=21 (7,-9)=22 (4,-8)=23 (5,-7)=24 (8,-8)=25 (0,-6)=26 (0,0)=27 (2,-6)=28 (6,-6)=29