0 19 -1
0 18 1
1 8 -1
1 6 1
2 27 -1
2 19 1
3 22 -1
3 26 1
4 5 1
4 13 -1
5 24 -1
5 25 1
6 27 1
6 18 -1
7 3 -1
7 29 1
8 29 -1
8 9 1
9 23 -1
9 17 1
10 0 1
10 14 -1
11 3 1
11 9 -1
12 4 -1
12 14 1
13 12 -1
13 22 1
14 20 -1
14 24 1
15 6 -1
15 21 1
16 17 -1
16 7 1
17 8 1
17 21 -1
18 15 -1
18 10 1
19 20 1
19 25 -1
20 10 -1
20 2 1
21 16 -1
21 28 1
22 23 1
22 7 -1
23 11 -1
23 13 1
24 12 1
24 26 -1
25 0 -1
25 4 1
26 5 -1
26 11 1
27 28 -1
27 1 1
28 15 1
28 2 -1
29 16 1
29 1 -1
(-6,-2)=0 (-3,-3)=1 (-5,3)=2 (0,-4)=3 (-8,-2)=4 (-8,4)=5 (-4,-2)=6 (-1,-5)=7 (-2,-2)=8 (-1,-1)=9 (-6,0)=10 (0,-2)=11 (-8,0)=12 (-9,-1)=13 (-7,1)=14 (-4,0)=15 (-2,-6)=16 (-2,0)=17 (-5,-1)=18 (-6,-4)=19 (-6,2)=20 (-3,1)=21 (0,-6)=22 (0,0)=23 (-8,2)=24 (-7,-3)=25 (-9,3)=26 (-4,-4)=27 (-4,2)=28 (-2,-4)=29