0 23 -1
0 22 1
1 6 -1
1 4 1
2 24 -1
2 15 1
3 26 1
3 15 -1
4 28 1
4 22 -1
5 2 -1
5 29 1
6 29 -1
6 7 1
7 25 -1
7 20 1
8 9 -1
8 21 1
9 0 1
9 16 -1
10 19 -1
10 17 1
11 2 1
11 7 -1
12 26 -1
12 24 1
13 14 1
13 12 -1
14 3 -1
14 16 1
15 14 -1
15 11 1
16 8 -1
16 13 1
17 18 1
17 21 -1
18 4 -1
18 10 1
19 20 -1
19 5 1
20 6 1
20 10 -1
21 28 -1
21 23 1
22 18 -1
22 9 1
23 8 1
23 27 -1
24 25 1
24 5 -1
25 11 -1
25 12 1
26 13 -1
26 27 1
27 0 -1
27 3 1
28 17 -1
28 1 1
29 19 1
29 1 -1
(-6,-2)=0 (-3,-3)=1 (0,-4)=2 (-8,-2)=3 (-4,-2)=4 (-1,-5)=5 (-2,-2)=6 (-1,-1)=7 (-6,-6)=8 (-6,0)=9 (-3,-7)=10 (0,-2)=11 (-9,-5)=12 (-8,-6)=13 (-8,0)=14 (-9,-1)=15 (-7,1)=16 (-4,-6)=17 (-4,0)=18 (-2,-6)=19 (-2,0)=20 (-5,-5)=21 (-5,-1)=22 (-6,-4)=23 (0,-6)=24 (0,0)=25 (-8,-4)=26 (-7,-3)=27 (-4,-4)=28 (-2,-4)=29