0 15 -1
0 8 1
1 2 1
1 0 -1
2 22 -1
2 21 1
3 13 -1
3 10 1
4 13 1
4 9 -1
5 23 -1
5 6 1
6 19 -1
6 17 1
7 19 1
7 18 -1
8 25 1
8 6 -1
9 20 -1
9 12 1
10 28 1
10 21 -1
11 5 -1
11 29 1
12 27 1
12 16 -1
13 29 -1
13 14 1
14 24 -1
14 4 1
15 1 -1
15 16 1
16 28 -1
16 22 1
17 5 1
17 14 -1
18 25 -1
18 23 1
19 8 -1
19 26 1
20 4 -1
20 11 1
21 27 -1
21 1 1
22 15 1
22 26 -1
23 24 1
23 11 -1
24 17 -1
24 18 1
25 7 -1
25 0 1
26 2 -1
26 7 1
27 10 -1
27 9 1
28 12 -1
28 3 1
29 20 1
29 3 -1
(3,-5)=0 (4,-6)=1 (-6,-2)=2 (-3,-3)=3 (8,-6)=4 (0,-4)=5 (1,-3)=6 (-8,-2)=7 (2,-4)=8 (7,-5)=9 (-4,-2)=10 (-1,-5)=11 (6,-4)=12 (-2,-2)=13 (-1,-1)=14 (4,-4)=15 (5,-3)=16 (0,-2)=17 (1,-7)=18 (2,-2)=19 (-2,-6)=20 (-5,-1)=21 (-6,-4)=22 (0,-6)=23 (0,0)=24 (2,-6)=25 (-7,-3)=26 (6,-6)=27 (-4,-4)=28 (-2,-4)=29