0 18 -1
0 26 1
1 0 -1
1 25 1
2 3 -1
2 4 1
3 20 -1
3 13 1
4 19 1
4 6 -1
5 27 -1
5 9 1
6 12 -1
6 8 1
7 24 -1
7 28 1
8 27 1
8 11 -1
9 17 1
9 13 -1
10 9 -1
10 11 1
11 16 -1
11 18 1
12 4 -1
12 23 1
13 10 -1
13 14 1
14 3 1
14 23 -1
15 14 -1
15 1 1
16 8 -1
16 7 1
17 25 -1
17 5 1
18 10 1
18 1 -1
19 28 -1
19 2 1
20 24 1
20 2 -1
21 17 -1
21 20 1
22 12 1
22 7 -1
23 15 -1
23 22 1
24 22 -1
24 21 1
25 15 1
25 21 -1
26 19 -1
26 29 1
27 29 -1
27 6 1
28 16 1
28 26 -1
29 0 1
29 5 -1
(4,0)=0 (3,-1)=1 (9,-7)=2 (10,-6)=3 (8,-6)=4 (13,-7)=5 (7,-5)=6 (7,-1)=7 (6,-4)=8 (12,-6)=9 (4,-4)=10 (5,-3)=11 (8,-4)=12 (11,-5)=13 (10,-4)=14 (2,-2)=15 (6,-2)=16 (12,-8)=17 (4,-2)=18 (8,-8)=19 (10,-8)=20 (11,-9)=21 (8,-2)=22 (9,-3)=23 (0,0)=24 (2,0)=25 (15,-9)=26 (6,-6)=27 (6,0)=28 (14,-8)=29