0 19 -1
0 4 1
1 0 -1
1 26 1
2 3 -1
2 5 1
3 21 -1
3 14 1
4 25 -1
4 29 1
5 20 1
5 7 -1
6 20 -1
6 10 1
7 13 -1
7 9 1
8 16 -1
8 28 1
9 27 1
9 12 -1
10 18 1
10 14 -1
11 15 -1
11 12 1
12 17 -1
12 19 1
13 5 -1
13 24 1
14 27 -1
14 15 1
15 3 1
15 24 -1
16 23 -1
16 1 1
17 9 -1
17 8 1
18 26 -1
18 6 1
19 11 1
19 1 -1
20 29 -1
20 2 1
21 25 1
21 2 -1
22 18 -1
22 21 1
23 13 1
23 8 -1
24 11 -1
24 23 1
25 28 -1
25 22 1
26 16 1
26 22 -1
27 10 -1
27 7 1
28 17 1
28 4 -1
29 0 1
29 6 -1
(4,0)=0 (3,-1)=1 (9,-7)=2 (10,-6)=3 (5,1)=4 (8,-6)=5 (13,-7)=6 (7,-5)=7 (7,-1)=8 (6,-4)=9 (12,-6)=10 (4,-4)=11 (5,-3)=12 (8,-4)=13 (11,-5)=14 (10,-4)=15 (2,-2)=16 (6,-2)=17 (12,-8)=18 (4,-2)=19 (8,-8)=20 (10,-8)=21 (11,-9)=22 (8,-2)=23 (9,-3)=24 (0,0)=25 (2,0)=26 (6,-6)=27 (6,0)=28 (14,-8)=29