0 10 -1
0 5 1
1 21 1
1 0 -1
2 8 -1
2 6 1
3 23 -1
3 4 1
4 13 -1
4 12 1
5 26 1
5 4 -1
6 19 1
6 20 -1
7 3 -1
7 29 1
8 29 -1
8 9 1
9 24 -1
9 17 1
10 1 -1
10 15 1
11 27 1
11 15 -1
12 3 1
12 9 -1
13 5 -1
13 28 1
14 16 1
14 18 -1
15 21 -1
15 25 1
16 6 -1
16 22 1
17 8 1
17 22 -1
18 27 -1
18 1 1
19 17 -1
19 2 1
20 16 -1
20 11 1
21 11 -1
21 18 1
22 19 -1
22 14 1
23 13 1
23 7 -1
24 12 -1
24 7 1
25 10 1
25 28 -1
26 25 -1
26 0 1
27 14 -1
27 20 1
28 26 -1
28 23 1
29 24 1
29 2 -1
(3,-5)=0 (4,-6)=1 (-3,-3)=2 (0,-4)=3 (1,-3)=4 (2,-4)=5 (-4,-2)=6 (-1,-5)=7 (-2,-2)=8 (-1,-1)=9 (4,-4)=10 (-6,0)=11 (0,-2)=12 (2,-2)=13 (6,-8)=14 (-7,1)=15 (-4,0)=16 (-2,0)=17 (5,-7)=18 (8,-8)=19 (-5,-1)=20 (-6,2)=21 (-3,1)=22 (0,-6)=23 (0,0)=24 (-8,2)=25 (2,-6)=26 (6,-6)=27 (-9,3)=28 (-2,-4)=29