0 11 -1
0 5 1
1 21 1
1 0 -1
2 8 -1
2 6 1
3 25 -1
3 4 1
4 16 -1
4 14 1
5 27 1
5 4 -1
6 11 1
6 24 -1
7 3 -1
7 29 1
8 29 -1
8 9 1
9 26 -1
9 20 1
10 21 -1
10 13 1
11 1 -1
11 2 1
12 16 1
12 10 -1
13 26 1
13 15 -1
14 3 1
14 9 -1
15 27 -1
15 25 1
16 5 -1
16 24 1
17 19 1
17 22 -1
18 23 -1
18 17 1
19 6 -1
19 18 1
20 8 1
20 18 -1
21 12 -1
21 22 1
22 28 -1
22 1 1
23 20 -1
23 15 1
24 19 -1
24 12 1
25 23 1
25 7 -1
26 14 -1
26 10 1
27 13 -1
27 0 1
28 17 -1
28 7 1
29 28 1
29 2 -1
(3,-5)=0 (4,-6)=1 (-3,-3)=2 (0,-4)=3 (1,-3)=4 (2,-4)=5 (-4,-2)=6 (-1,-5)=7 (-2,-2)=8 (-1,-1)=9 (3,-9)=10 (4,-4)=11 (-6,0)=12 (2,-8)=13 (0,-2)=14 (1,-7)=15 (2,-2)=16 (6,-8)=17 (7,-9)=18 (-4,0)=19 (-2,0)=20 (4,-8)=21 (5,-7)=22 (8,-8)=23 (-5,-1)=24 (0,-6)=25 (0,0)=26 (2,-6)=27 (6,-6)=28 (-2,-4)=29