0 14 -1
0 6 1
1 22 1
1 0 -1
2 7 -1
2 12 1
3 10 -1
3 8 1
4 25 -1
4 5 1
5 19 -1
5 17 1
6 27 1
6 5 -1
7 8 -1
7 21 1
8 19 1
8 2 -1
9 4 -1
9 29 1
10 29 -1
10 11 1
11 26 -1
11 15 1
12 26 1
12 13 -1
13 22 -1
13 16 1
14 1 -1
14 9 1
15 10 1
15 21 -1
16 24 1
16 18 -1
17 4 1
17 11 -1
18 27 -1
18 25 1
19 6 -1
19 3 1
20 7 1
20 23 -1
21 24 -1
21 20 1
22 12 -1
22 23 1
23 28 -1
23 1 1
24 15 -1
24 13 1
25 28 1
25 9 -1
26 17 -1
26 2 1
27 16 -1
27 0 1
28 20 -1
28 18 1
29 14 1
29 3 -1
(3,-5)=0 (4,-6)=1 (5,-11)=2 (-3,-3)=3 (0,-4)=4 (1,-3)=5 (2,-4)=6 (6,-10)=7 (-4,-2)=8 (-1,-5)=9 (-2,-2)=10 (-1,-1)=11 (4,-10)=12 (3,-9)=13 (4,-4)=14 (8,-10)=15 (2,-8)=16 (0,-2)=17 (1,-7)=18 (2,-2)=19 (6,-8)=20 (7,-9)=21 (4,-8)=22 (5,-7)=23 (8,-8)=24 (0,-6)=25 (0,0)=26 (2,-6)=27 (6,-6)=28 (-2,-4)=29