0 17 1
0 23 -1
1 9 -1
1 11 1
2 18 1
2 1 -1
3 0 -1
3 8 1
4 24 -1
4 15 1
5 21 1
5 15 -1
6 12 -1
6 7 1
7 28 1
7 10 -1
8 18 -1
8 13 1
9 2 -1
9 10 1
10 17 -1
10 19 1
11 26 1
11 6 -1
12 11 -1
12 22 1
13 3 1
13 27 -1
14 4 1
14 8 -1
15 16 -1
15 14 1
16 5 -1
16 27 1
17 7 -1
17 29 1
18 14 -1
18 20 1
19 9 1
19 22 -1
20 28 -1
20 2 1
21 19 -1
21 23 1
22 21 -1
22 24 1
23 3 -1
23 5 1
24 12 1
24 29 -1
25 16 1
25 20 -1
26 13 -1
26 1 1
27 26 -1
27 25 1
28 25 -1
28 6 1
29 4 -1
29 0 1
(6,12)=0 (3,7)=1 (4,6)=2 (2,2)=3 (8,12)=4 (10,12)=5 (7,7)=6 (6,8)=7 (3,3)=8 (4,8)=9 (5,9)=10 (12,18)=11 (8,8)=12 (2,4)=13 (8,14)=14 (9,13)=15 (10,14)=16 (6,10)=17 (4,4)=18 (4,10)=19 (5,5)=20 (0,0)=21 (9,9)=22 (1,1)=23 (8,10)=24 (10,16)=25 (2,6)=26 (11,15)=27 (6,6)=28 (7,11)=29