0 20 -1
0 7 1
1 2 -1
1 3 1
2 21 1
2 7 -1
3 11 -1
3 13 1
4 10 -1
4 15 1
5 23 -1
5 10 1
6 23 1
6 15 -1
7 1 -1
7 26 1
8 27 -1
8 9 1
9 4 -1
9 29 1
10 22 1
10 9 -1
11 29 -1
11 19 1
12 26 -1
12 18 1
13 1 1
13 18 -1
14 4 1
14 19 -1
15 17 -1
15 14 1
16 12 -1
16 6 1
17 6 -1
17 25 1
18 21 -1
18 20 1
19 22 -1
19 27 1
20 12 1
20 25 -1
21 13 -1
21 28 1
22 14 -1
22 5 1
23 24 -1
23 16 1
24 17 1
24 5 -1
25 0 -1
25 24 1
26 0 1
26 16 -1
27 11 1
27 28 -1
28 8 -1
28 2 1
29 8 1
29 3 -1
(12,4)=0 (4,0)=1 (14,4)=2 (5,1)=3 (8,0)=4 (9,5)=5 (10,0)=6 (13,5)=7 (16,4)=8 (7,-1)=9 (18,4)=10 (6,2)=11 (12,0)=12 (4,2)=13 (8,2)=14 (9,1)=15 (11,-1)=16 (10,2)=17 (13,1)=18 (7,3)=19 (12,2)=20 (14,2)=21 (8,4)=22 (0,0)=23 (10,4)=24 (11,3)=25 (2,0)=26 (16,2)=27 (15,3)=28 (6,0)=29