0 16 -1
0 15 1
1 2 -1
1 3 1
2 20 -1
2 11 1
3 19 1
3 5 -1
4 8 -1
4 7 1
5 10 -1
5 6 1
6 27 1
6 9 -1
7 28 1
7 11 -1
8 29 -1
8 9 1
9 14 -1
9 17 1
10 3 -1
10 23 1
11 13 -1
11 12 1
12 2 1
12 23 -1
13 7 -1
13 0 1
14 6 -1
14 18 1
15 13 1
15 21 -1
16 17 -1
16 26 1
17 8 1
17 0 -1
18 19 -1
18 25 1
19 22 -1
19 1 1
20 24 1
20 1 -1
21 28 -1
21 20 1
22 10 1
22 18 -1
23 24 -1
23 22 1
24 12 -1
24 21 1
25 14 1
25 26 -1
26 27 -1
26 29 1
27 25 -1
27 5 1
28 15 -1
28 4 1
29 16 1
29 4 -1
(3,-1)=0 (9,-7)=1 (10,-6)=2 (8,-6)=3 (13,-7)=4 (7,-5)=5 (6,-4)=6 (12,-6)=7 (4,-4)=8 (5,-3)=9 (8,-4)=10 (11,-5)=11 (10,-4)=12 (2,-2)=13 (6,-2)=14 (12,-10)=15 (14,-10)=16 (4,-2)=17 (17,-11)=18 (8,-8)=19 (10,-8)=20 (11,-9)=21 (8,-2)=22 (9,-3)=23 (0,0)=24 (16,-10)=25 (15,-9)=26 (6,-6)=27 (12,-8)=28 (14,-8)=29