0 20 -1
0 4 1
1 0 -1
1 27 1
2 3 -1
2 5 1
3 22 -1
3 16 1
4 18 -1
4 12 1
5 21 1
5 7 -1
6 27 -1
6 14 1
7 15 -1
7 9 1
8 11 -1
8 29 1
9 28 1
9 13 -1
10 6 1
10 16 -1
11 23 -1
11 13 1
12 0 1
12 14 -1
13 19 -1
13 20 1
14 25 -1
14 10 1
15 5 -1
15 24 1
16 21 -1
16 17 1
17 3 1
17 24 -1
18 29 -1
18 1 1
19 9 -1
19 8 1
20 11 1
20 1 -1
21 10 -1
21 2 1
22 25 1
22 2 -1
23 15 1
23 8 -1
24 28 -1
24 23 1
25 12 -1
25 26 1
26 6 -1
26 22 1
27 18 1
27 26 -1
28 17 -1
28 7 1
29 19 1
29 4 -1
(4,0)=0 (3,-1)=1 (9,-7)=2 (10,-6)=3 (5,1)=4 (8,-6)=5 (2,2)=6 (7,-5)=7 (7,-1)=8 (6,-4)=9 (12,-6)=10 (4,-4)=11 (4,2)=12 (5,-3)=13 (3,3)=14 (8,-4)=15 (11,-5)=16 (10,-4)=17 (2,-2)=18 (6,-2)=19 (4,-2)=20 (8,-8)=21 (10,-8)=22 (8,-2)=23 (9,-3)=24 (0,0)=25 (1,1)=26 (2,0)=27 (6,-6)=28 (6,0)=29