0 13 -1
0 7 1
1 21 1
1 0 -1
2 8 -1
2 11 1
3 17 -1
3 5 1
4 24 1
4 3 -1
5 23 1
5 9 -1
6 7 -1
6 12 1
7 28 1
7 26 -1
8 10 -1
8 20 1
9 15 -1
9 10 1
10 29 1
10 2 -1
11 13 1
11 12 -1
12 21 -1
12 16 1
13 1 -1
13 2 1
14 15 1
14 20 -1
15 5 -1
15 25 1
16 6 1
16 18 -1
17 4 -1
17 18 1
18 28 -1
18 27 1
19 8 1
19 22 -1
20 23 -1
20 19 1
21 11 -1
21 22 1
22 29 -1
22 1 1
23 14 -1
23 3 1
24 27 -1
24 26 1
25 24 -1
25 14 1
26 6 -1
26 4 1
27 17 1
27 25 -1
28 16 -1
28 0 1
29 19 -1
29 9 1
(3,7)=0 (4,6)=1 (5,1)=2 (9,5)=3 (0,2)=4 (8,6)=5 (2,2)=6 (2,8)=7 (6,2)=8 (7,7)=9 (6,8)=10 (4,2)=11 (3,3)=12 (4,8)=13 (8,2)=14 (8,8)=15 (2,4)=16 (0,4)=17 (1,5)=18 (6,4)=19 (7,3)=20 (4,4)=21 (5,5)=22 (8,4)=23 (0,0)=24 (9,9)=25 (1,1)=26 (0,6)=27 (2,6)=28 (6,6)=29