0 11 -1
0 6 1
1 20 1
1 0 -1
2 7 -1
2 9 1
3 22 -1
3 13 1
4 24 -1
4 5 1
5 17 -1
5 15 1
6 26 1
6 5 -1
7 27 -1
7 19 1
8 4 -1
8 22 1
9 28 1
9 10 -1
10 20 -1
10 14 1
11 1 -1
11 10 1
12 3 1
12 19 -1
13 25 -1
13 12 1
14 11 1
14 16 -1
15 4 1
15 13 -1
16 26 -1
16 24 1
17 6 -1
17 16 1
18 7 1
18 21 -1
19 23 -1
19 18 1
20 9 -1
20 21 1
21 28 -1
21 1 1
22 25 1
22 29 -1
23 12 -1
23 29 1
24 17 1
24 8 -1
25 15 -1
25 8 1
26 14 -1
26 0 1
27 23 1
27 2 -1
28 18 -1
28 2 1
29 3 -1
29 27 1
(3,-5)=0 (4,-6)=1 (5,-11)=2 (8,-12)=3 (0,-4)=4 (1,-3)=5 (2,-4)=6 (6,-10)=7 (-1,-5)=8 (4,-10)=9 (3,-9)=10 (4,-4)=11 (8,-10)=12 (9,-11)=13 (2,-8)=14 (0,-2)=15 (1,-7)=16 (2,-2)=17 (6,-8)=18 (7,-9)=19 (4,-8)=20 (5,-7)=21 (8,-14)=22 (8,-8)=23 (0,-6)=24 (0,0)=25 (2,-6)=26 (6,-12)=27 (6,-6)=28 (7,-13)=29