0 10 -1
0 5 1
1 21 1
1 0 -1
2 8 -1
2 6 1
3 25 -1
3 4 1
4 15 -1
4 13 1
5 27 1
5 4 -1
6 28 1
6 24 -1
7 3 -1
7 29 1
8 29 -1
8 9 1
9 26 -1
9 20 1
10 1 -1
10 24 1
11 10 1
11 18 -1
12 15 1
12 14 -1
13 3 1
13 9 -1
14 27 -1
14 25 1
15 5 -1
15 18 1
16 19 1
16 22 -1
17 23 -1
17 16 1
18 21 -1
18 12 1
19 6 -1
19 17 1
20 8 1
20 17 -1
21 11 -1
21 22 1
22 28 -1
22 1 1
23 20 -1
23 7 1
24 19 -1
24 11 1
25 26 1
25 7 -1
26 13 -1
26 14 1
27 12 -1
27 0 1
28 16 -1
28 2 1
29 23 1
29 2 -1
(3,-5)=0 (4,-6)=1 (-3,-3)=2 (0,-4)=3 (1,-3)=4 (2,-4)=5 (-4,-2)=6 (-1,-5)=7 (-2,-2)=8 (-1,-1)=9 (4,-4)=10 (-6,0)=11 (2,-8)=12 (0,-2)=13 (1,-7)=14 (2,-2)=15 (6,-8)=16 (7,-9)=17 (-7,1)=18 (-4,0)=19 (-2,0)=20 (4,-8)=21 (5,-7)=22 (8,-8)=23 (-5,-1)=24 (0,-6)=25 (0,0)=26 (2,-6)=27 (6,-6)=28 (-2,-4)=29