0 28 -1
0 2 1
1 0 -1
1 27 1
2 7 -1
2 9 1
3 22 -1
3 12 1
4 24 1
4 19 -1
5 27 -1
5 10 1
6 3 -1
6 29 1
7 29 -1
7 18 1
8 25 1
8 12 -1
9 0 1
9 10 -1
10 21 -1
10 13 1
11 3 1
11 18 -1
12 20 -1
12 11 1
13 5 1
13 15 -1
14 4 -1
14 15 1
15 16 -1
15 28 1
16 13 -1
16 6 1
17 7 1
17 23 -1
18 24 -1
18 17 1
19 14 -1
19 8 1
20 8 -1
20 1 1
21 9 -1
21 23 1
22 21 1
22 6 -1
23 25 -1
23 22 1
24 11 -1
24 26 1
25 17 -1
25 19 1
26 5 -1
26 4 1
27 20 1
27 26 -1
28 14 1
28 1 -1
29 16 1
29 2 -1
(4,0)=0 (3,-1)=1 (5,1)=2 (8,0)=3 (0,2)=4 (2,2)=5 (7,-1)=6 (6,2)=7 (-2,4)=8 (4,2)=9 (3,3)=10 (8,2)=11 (9,1)=12 (2,4)=13 (0,4)=14 (1,5)=15 (6,-2)=16 (6,4)=17 (7,3)=18 (-1,3)=19 (-2,6)=20 (4,4)=21 (8,-2)=22 (9,-3)=23 (0,0)=24 (10,-2)=25 (1,1)=26 (2,0)=27 (0,6)=28 (6,0)=29