0 13 -1
0 6 1
1 25 1
1 0 -1
2 28 -1
2 22 1
3 11 -1
3 8 1
4 24 -1
4 5 1
5 18 -1
5 16 1
6 26 1
6 5 -1
7 15 -1
7 10 1
8 28 1
8 7 -1
9 4 -1
9 29 1
10 27 1
10 14 -1
11 29 -1
11 12 1
12 25 -1
12 17 1
13 1 -1
13 14 1
14 19 -1
14 20 1
15 8 -1
15 23 1
16 4 1
16 12 -1
17 11 1
17 23 -1
18 6 -1
18 2 1
19 10 -1
19 9 1
20 13 1
20 2 -1
21 27 -1
21 1 1
22 18 1
22 21 -1
23 26 -1
23 24 1
24 15 1
24 9 -1
25 16 -1
25 21 1
26 17 -1
26 0 1
27 22 -1
27 7 1
28 20 -1
28 3 1
29 19 1
29 3 -1
(3,-5)=0 (4,-6)=1 (3,-1)=2 (-3,-3)=3 (0,-4)=4 (1,-3)=5 (2,-4)=6 (7,-5)=7 (-4,-2)=8 (-1,-5)=9 (6,-4)=10 (-2,-2)=11 (-1,-1)=12 (4,-4)=13 (5,-3)=14 (8,-4)=15 (0,-2)=16 (10,-4)=17 (2,-2)=18 (6,-2)=19 (4,-2)=20 (5,-7)=21 (-6,-4)=22 (9,-3)=23 (0,-6)=24 (0,0)=25 (2,-6)=26 (6,-6)=27 (-4,-4)=28 (-2,-4)=29