0 22 -1
0 2 1
1 0 -1
1 25 1
2 10 -1
2 8 1
3 23 1
3 17 -1
4 25 -1
4 9 1
5 6 -1
5 28 1
6 20 -1
6 11 1
7 29 1
7 11 -1
8 0 1
8 9 -1
9 27 -1
9 12 1
10 28 -1
10 19 1
11 18 -1
11 16 1
12 4 1
12 14 -1
13 3 -1
13 14 1
14 23 -1
14 26 1
15 16 -1
15 5 1
16 6 1
16 19 -1
17 13 -1
17 7 1
18 7 -1
18 21 1
19 15 -1
19 22 1
20 18 1
20 5 -1
21 29 -1
21 20 1
22 10 1
22 1 -1
23 12 -1
23 24 1
24 4 -1
24 3 1
25 27 1
25 24 -1
26 13 1
26 21 -1
27 8 -1
27 1 1
28 15 1
28 2 -1
29 26 -1
29 17 1
(4,0)=0 (3,-1)=1 (5,1)=2 (0,2)=3 (2,2)=4 (7,-1)=5 (-4,4)=6 (-2,4)=7 (4,2)=8 (3,3)=9 (-6,6)=10 (-3,5)=11 (2,4)=12 (0,4)=13 (1,5)=14 (6,-2)=15 (-4,6)=16 (-1,3)=17 (-2,6)=18 (-5,7)=19 (8,-2)=20 (9,-3)=21 (-6,8)=22 (0,0)=23 (1,1)=24 (2,0)=25 (0,6)=26 (-8,8)=27 (6,0)=28 (-2,2)=29