0 19 1
0 27 -1
1 21 -1
1 7 1
2 3 -1
2 4 1
3 26 -1
3 14 1
4 23 1
4 9 -1
5 0 -1
5 12 1
6 8 -1
6 17 1
7 6 -1
7 10 1
8 20 1
8 7 -1
9 13 -1
9 18 1
10 1 1
10 12 -1
11 24 1
11 14 -1
12 20 -1
12 21 1
13 4 -1
13 25 1
14 19 -1
14 15 1
15 3 1
15 25 -1
16 6 1
16 22 -1
17 23 -1
17 16 1
18 29 1
18 17 -1
19 11 -1
19 28 1
20 10 -1
20 22 1
21 5 1
21 28 -1
22 29 -1
22 8 1
23 18 -1
23 2 1
24 15 -1
24 27 1
25 24 -1
25 26 1
26 13 1
26 2 -1
27 5 -1
27 11 1
28 1 -1
28 0 1
29 16 -1
29 9 1
(12,10)=0 (14,10)=1 (9,5)=2 (10,6)=3 (8,6)=4 (2,2)=5 (6,2)=6 (15,11)=7 (16,10)=8 (7,7)=9 (4,2)=10 (12,6)=11 (3,3)=12 (8,8)=13 (11,7)=14 (10,8)=15 (6,4)=16 (7,3)=17 (18,12)=18 (12,8)=19 (4,4)=20 (14,8)=21 (5,5)=22 (8,4)=23 (0,0)=24 (9,9)=25 (10,4)=26 (1,1)=27 (13,9)=28 (6,6)=29