0 19 -1
0 3 1
1 0 -1
1 27 1
2 20 -1
2 14 1
3 8 -1
3 10 1
4 21 -1
4 11 1
5 27 -1
5 12 1
6 4 -1
6 28 1
7 24 1
7 11 -1
8 28 -1
8 1 1
9 23 1
9 14 -1
10 0 1
10 12 -1
11 17 -1
11 19 1
12 23 -1
12 20 1
13 29 -1
13 22 1
14 18 -1
14 16 1
15 13 -1
15 7 1
16 2 1
16 22 -1
17 7 -1
17 6 1
18 9 -1
18 25 1
19 4 1
19 1 -1
20 5 1
20 25 -1
21 13 1
21 6 -1
22 24 -1
22 21 1
23 10 -1
23 26 1
24 16 -1
24 15 1
25 2 -1
25 29 1
26 5 -1
26 9 1
27 8 1
27 26 -1
28 17 1
28 3 -1
29 18 1
29 15 -1
(4,0)=0 (3,-1)=1 (10,-6)=2 (5,1)=3 (8,0)=4 (2,2)=5 (7,-1)=6 (6,-4)=7 (6,2)=8 (12,-6)=9 (4,2)=10 (5,-3)=11 (3,3)=12 (8,-4)=13 (11,-5)=14 (11,-1)=15 (10,-4)=16 (6,-2)=17 (12,-4)=18 (4,-2)=19 (14,-4)=20 (8,-2)=21 (9,-3)=22 (0,0)=23 (10,-2)=24 (13,-3)=25 (1,1)=26 (2,0)=27 (6,0)=28 (12,-2)=29