0 20 1
0 19 -1
1 21 1
1 8 -1
2 15 -1
2 8 1
3 4 -1
3 5 1
4 26 -1
4 16 1
5 23 1
5 9 -1
6 10 -1
6 13 1
7 17 -1
7 19 1
8 24 -1
8 26 1
9 14 -1
9 10 1
10 29 1
10 27 -1
11 14 1
11 13 -1
12 24 1
12 16 -1
13 21 -1
13 15 1
14 5 -1
14 25 1
15 6 1
15 28 -1
16 20 -1
16 17 1
17 4 1
17 25 -1
18 7 1
18 22 -1
19 23 -1
19 18 1
20 12 -1
20 28 1
21 11 -1
21 22 1
22 29 -1
22 1 1
23 0 -1
23 3 1
24 1 -1
24 27 1
25 7 -1
25 11 1
26 2 1
26 3 -1
27 6 -1
27 12 1
28 2 -1
28 0 1
29 18 -1
29 9 1
(12,10)=0 (4,6)=1 (14,10)=2 (9,5)=3 (10,6)=4 (8,6)=5 (2,2)=6 (6,2)=7 (15,11)=8 (7,7)=9 (6,8)=10 (4,2)=11 (12,6)=12 (3,3)=13 (8,8)=14 (2,4)=15 (11,7)=16 (10,8)=17 (6,4)=18 (7,3)=19 (12,8)=20 (4,4)=21 (5,5)=22 (8,4)=23 (0,0)=24 (9,9)=25 (10,4)=26 (1,1)=27 (13,9)=28 (6,6)=29