0 22 1
0 5 -1
1 19 1
1 29 -1
2 7 1
2 6 -1
3 4 -1
3 9 1
4 26 1
4 24 -1
5 10 -1
5 4 1
6 12 -1
6 8 1
7 1 -1
7 13 1
8 28 1
8 13 -1
9 19 -1
9 11 1
10 0 -1
10 16 1
11 3 1
11 16 -1
12 2 -1
12 23 1
13 17 -1
13 2 1
14 17 1
14 23 -1
15 21 1
15 20 -1
16 21 -1
16 18 1
17 8 -1
17 27 1
18 10 1
18 9 -1
19 18 -1
19 20 1
20 28 -1
20 1 1
21 11 -1
21 29 1
22 25 -1
22 24 1
23 26 -1
23 25 1
24 3 -1
24 0 1
25 12 1
25 27 -1
26 14 -1
26 5 1
27 22 -1
27 14 1
28 15 -1
28 6 1
29 7 -1
29 15 1
(12,10)=0 (4,6)=1 (8,6)=2 (2,2)=3 (10,12)=4 (11,11)=5 (7,7)=6 (16,16)=7 (6,8)=8 (3,3)=9 (12,12)=10 (14,12)=11 (8,8)=12 (17,17)=13 (10,8)=14 (6,4)=15 (13,13)=16 (18,18)=17 (12,14)=18 (4,4)=19 (5,5)=20 (14,14)=21 (0,0)=22 (9,9)=23 (1,1)=24 (8,10)=25 (10,10)=26 (19,19)=27 (6,6)=28 (15,15)=29