0 5 -1
0 4 1
1 7 -1
1 14 1
2 20 1
2 17 -1
3 21 -1
3 9 1
4 24 1
4 9 -1
5 26 -1
5 28 1
6 27 1
6 10 -1
7 25 -1
7 10 1
8 3 -1
8 29 1
9 15 -1
9 12 1
10 18 -1
10 26 1
11 2 -1
11 13 1
12 3 1
12 23 -1
13 24 -1
13 21 1
14 22 1
14 13 -1
15 4 -1
15 19 1
16 5 1
16 19 -1
17 11 -1
17 6 1
18 6 -1
18 8 1
19 27 -1
19 25 1
20 29 -1
20 23 1
21 11 1
21 8 -1
22 12 -1
22 1 1
23 22 -1
23 2 1
24 14 -1
24 0 1
25 15 1
25 1 -1
26 7 1
26 0 -1
27 16 -1
27 17 1
28 20 -1
28 16 1
29 18 1
29 28 -1
(-3,-15)=0 (-5,-9)=1 (0,-10)=2 (0,-4)=3 (-4,-14)=4 (-2,-14)=5 (-2,-8)=6 (-4,-8)=7 (-1,-5)=8 (-5,-13)=9 (-3,-7)=10 (0,-8)=11 (0,-2)=12 (1,-7)=13 (-4,-18)=14 (-4,-12)=15 (-2,-12)=16 (-1,-9)=17 (-2,-6)=18 (-3,-11)=19 (0,-12)=20 (0,-6)=21 (0,0)=22 (1,-11)=23 (-4,-16)=24 (-4,-10)=25 (-2,-16)=26 (-2,-10)=27 (-1,-13)=28 (-2,-4)=29