0 12 -1
0 7 1
1 20 1
1 0 -1
2 21 -1
2 18 1
3 2 -1
3 27 1
4 26 -1
4 5 1
5 23 1
5 8 -1
6 16 -1
6 24 1
7 26 1
7 6 -1
8 14 -1
8 10 1
9 25 -1
9 29 1
10 28 1
10 13 -1
11 20 -1
11 15 1
12 1 -1
12 13 1
13 19 -1
13 21 1
14 5 -1
14 6 1
15 25 1
15 4 -1
16 7 -1
16 3 1
17 2 1
17 22 -1
18 23 -1
18 17 1
19 10 -1
19 9 1
20 27 -1
20 22 1
21 12 1
21 3 -1
22 28 -1
22 1 1
23 29 -1
23 4 1
24 14 1
24 9 -1
25 24 -1
25 11 1
26 15 -1
26 0 1
27 16 1
27 11 -1
28 17 -1
28 8 1
29 19 1
29 18 -1
(3,-5)=0 (4,-6)=1 (4,0)=2 (3,-1)=3 (9,-7)=4 (8,-6)=5 (1,-3)=6 (2,-4)=7 (7,-5)=8 (7,-1)=9 (6,-4)=10 (3,-9)=11 (4,-4)=12 (5,-3)=13 (8,-4)=14 (2,-8)=15 (2,-2)=16 (6,-8)=17 (7,-9)=18 (6,-2)=19 (4,-8)=20 (4,-2)=21 (5,-7)=22 (8,-8)=23 (8,-2)=24 (0,0)=25 (2,-6)=26 (2,0)=27 (6,-6)=28 (6,0)=29