0 25 1
0 6 -1
1 21 -1
1 13 1
2 9 -1
2 7 1
3 22 -1
3 5 1
4 19 -1
4 6 1
5 11 -1
5 14 1
6 12 -1
6 16 1
7 27 1
7 13 -1
8 3 -1
8 28 1
9 28 -1
9 10 1
10 24 -1
10 22 1
11 29 -1
11 15 1
12 0 -1
12 20 1
13 18 -1
13 17 1
14 3 1
14 10 -1
15 25 -1
15 19 1
16 4 1
16 15 -1
17 1 1
17 20 -1
18 7 -1
18 8 1
19 11 1
19 23 -1
20 27 -1
20 21 1
21 12 1
21 26 -1
22 9 1
22 8 -1
23 4 -1
23 29 1
24 14 -1
24 23 1
25 16 -1
25 26 1
26 1 -1
26 0 1
27 17 -1
27 2 1
28 18 1
28 2 -1
29 24 1
29 5 -1
(-6,-8)=0 (-6,-2)=1 (-3,-3)=2 (0,-4)=3 (-8,-8)=4 (1,-3)=5 (-7,-7)=6 (-4,-2)=7 (-1,-5)=8 (-2,-2)=9 (-1,-1)=10 (-10,-6)=11 (-6,-6)=12 (-3,-7)=13 (0,-2)=14 (-9,-5)=15 (-8,-6)=16 (-4,-6)=17 (-2,-6)=18 (-10,-4)=19 (-5,-5)=20 (-6,-4)=21 (0,-6)=22 (-9,-9)=23 (0,0)=24 (-8,-4)=25 (-7,-3)=26 (-4,-4)=27 (-2,-4)=28 (-10,-8)=29