0 12 -1
0 7 1
1 8 1
1 0 -1
2 21 -1
2 5 1
3 2 -1
3 27 1
4 22 1
4 14 -1
5 10 -1
5 13 1
6 17 -1
6 11 1
7 26 1
7 6 -1
8 27 -1
8 15 1
9 24 -1
9 28 1
10 28 -1
10 20 1
11 29 1
11 9 -1
12 1 -1
12 14 1
13 2 1
13 15 -1
14 18 -1
14 21 1
15 22 -1
15 1 1
16 24 1
16 20 -1
17 7 -1
17 3 1
18 4 -1
18 9 1
19 10 1
19 23 -1
20 26 -1
20 19 1
21 12 1
21 3 -1
22 13 -1
22 23 1
23 29 -1
23 4 1
24 11 -1
24 25 1
25 8 -1
25 16 1
26 16 -1
26 0 1
27 17 1
27 25 -1
28 18 1
28 5 -1
29 19 -1
29 6 1
(3,-5)=0 (4,-6)=1 (4,0)=2 (3,-1)=3 (4,6)=4 (5,1)=5 (1,-3)=6 (2,-4)=7 (2,2)=8 (7,-1)=9 (6,2)=10 (6,8)=11 (4,-4)=12 (4,2)=13 (5,-3)=14 (3,3)=15 (2,-8)=16 (2,-2)=17 (6,-2)=18 (6,4)=19 (7,3)=20 (4,-2)=21 (4,4)=22 (5,5)=23 (0,0)=24 (1,1)=25 (2,-6)=26 (2,0)=27 (6,0)=28 (6,6)=29