0 27 -1
0 22 1
1 21 1
1 3 -1
2 22 -1
2 13 1
3 11 -1
3 8 1
4 24 1
4 20 -1
5 26 -1
5 6 1
6 24 -1
6 17 1
7 27 1
7 13 -1
8 28 1
8 14 -1
9 29 -1
9 16 1
10 5 -1
10 1 1
11 1 -1
11 0 1
12 2 1
12 16 -1
13 21 -1
13 12 1
14 19 -1
14 4 1
15 4 -1
15 18 1
16 28 -1
16 23 1
17 5 1
17 0 -1
18 9 -1
18 26 1
19 8 -1
19 25 1
20 15 -1
20 7 1
21 7 -1
21 10 1
22 11 1
22 25 -1
23 9 1
23 6 -1
24 23 -1
24 14 1
25 2 -1
25 29 1
26 15 1
26 10 -1
27 17 -1
27 20 1
28 12 -1
28 3 1
29 19 1
29 18 -1
(-1,11)=0 (-2,8)=1 (-2,14)=2 (-3,9)=3 (0,2)=4 (0,8)=5 (1,9)=6 (-2,4)=7 (-4,10)=8 (-4,16)=9 (-1,7)=10 (-2,10)=11 (-2,16)=12 (-3,5)=13 (-5,11)=14 (0,4)=15 (-3,17)=16 (0,10)=17 (1,5)=18 (-4,12)=19 (-1,3)=20 (-2,6)=21 (-2,12)=22 (-4,18)=23 (0,0)=24 (-3,13)=25 (0,6)=26 (0,12)=27 (-4,8)=28 (-4,14)=29