0 14 -1
0 8 1
1 21 1
1 0 -1
2 22 -1
2 5 1
3 2 -1
3 27 1
4 9 -1
4 12 1
5 25 -1
5 16 1
6 24 1
6 10 -1
7 17 -1
7 29 1
8 26 1
8 7 -1
9 27 -1
9 19 1
10 26 -1
10 11 1
11 28 1
11 15 -1
12 25 1
12 13 -1
13 21 -1
13 6 1
14 1 -1
14 15 1
15 20 -1
15 22 1
16 2 1
16 19 -1
17 8 -1
17 3 1
18 9 1
18 23 -1
19 24 -1
19 18 1
20 11 -1
20 7 1
21 12 -1
21 23 1
22 14 1
22 3 -1
23 28 -1
23 1 1
24 16 -1
24 13 1
25 29 -1
25 4 1
26 6 -1
26 0 1
27 17 1
27 4 -1
28 18 -1
28 10 1
29 20 1
29 5 -1
(3,-5)=0 (4,-6)=1 (4,0)=2 (3,-1)=3 (5,-11)=4 (5,1)=5 (8,-6)=6 (1,-3)=7 (2,-4)=8 (6,-10)=9 (7,-5)=10 (6,-4)=11 (4,-10)=12 (3,-9)=13 (4,-4)=14 (5,-3)=15 (8,-10)=16 (2,-2)=17 (6,-8)=18 (7,-9)=19 (6,-2)=20 (4,-8)=21 (4,-2)=22 (5,-7)=23 (8,-8)=24 (0,0)=25 (2,-6)=26 (2,0)=27 (6,-6)=28 (6,0)=29