0 13 -1
0 7 1
1 20 1
1 0 -1
2 21 -1
2 5 1
3 2 -1
3 27 1
4 23 1
4 9 -1
5 26 -1
5 14 1
6 17 -1
6 4 1
7 26 1
7 6 -1
8 27 -1
8 16 1
9 24 -1
9 10 1
10 28 1
10 15 -1
11 24 1
11 12 -1
12 20 -1
12 29 1
13 1 -1
13 15 1
14 2 1
14 16 -1
15 19 -1
15 21 1
16 23 -1
16 18 1
17 7 -1
17 3 1
18 8 1
18 22 -1
19 10 -1
19 12 1
20 11 -1
20 22 1
21 13 1
21 3 -1
22 28 -1
22 1 1
23 14 -1
23 6 1
24 4 -1
24 25 1
25 8 -1
25 11 1
26 29 -1
26 0 1
27 17 1
27 25 -1
28 18 -1
28 9 1
29 19 1
29 5 -1
(3,-5)=0 (4,-6)=1 (4,0)=2 (3,-1)=3 (4,6)=4 (5,1)=5 (1,-3)=6 (2,-4)=7 (2,2)=8 (7,-5)=9 (6,-4)=10 (4,-10)=11 (3,-9)=12 (4,-4)=13 (4,2)=14 (5,-3)=15 (3,3)=16 (2,-2)=17 (2,4)=18 (6,-2)=19 (4,-8)=20 (4,-2)=21 (5,-7)=22 (4,4)=23 (0,0)=24 (1,1)=25 (2,-6)=26 (2,0)=27 (6,-6)=28 (6,0)=29