0 11 -1
0 7 1
1 27 1
1 0 -1
2 23 -1
2 17 1
3 4 -1
3 5 1
4 24 -1
4 14 1
5 23 1
5 8 -1
6 16 -1
6 10 1
7 20 1
7 6 -1
8 13 -1
8 9 1
9 28 1
9 12 -1
10 29 1
10 14 -1
11 1 -1
11 12 1
12 18 -1
12 21 1
13 5 -1
13 26 1
14 27 -1
14 15 1
15 4 1
15 26 -1
16 7 -1
16 2 1
17 16 1
17 22 -1
18 9 -1
18 25 1
19 13 1
19 25 -1
20 15 -1
20 0 1
21 11 1
21 2 -1
22 28 -1
22 1 1
23 21 -1
23 3 1
24 18 1
24 3 -1
25 29 -1
25 24 1
26 20 -1
26 19 1
27 10 -1
27 22 1
28 17 -1
28 8 1
29 19 -1
29 6 1
(3,-5)=0 (4,-6)=1 (3,-1)=2 (9,-7)=3 (10,-6)=4 (8,-6)=5 (13,-7)=6 (2,-4)=7 (7,-5)=8 (6,-4)=9 (12,-6)=10 (4,-4)=11 (5,-3)=12 (8,-4)=13 (11,-5)=14 (10,-4)=15 (2,-2)=16 (6,-8)=17 (6,-2)=18 (12,-10)=19 (14,-10)=20 (4,-2)=21 (5,-7)=22 (8,-8)=23 (10,-8)=24 (11,-9)=25 (9,-3)=26 (0,0)=27 (6,-6)=28 (12,-8)=29