0 13 -1
0 7 1
1 20 1
1 0 -1
2 8 -1
2 11 1
3 21 -1
3 16 1
4 24 1
4 16 -1
5 23 1
5 9 -1
6 17 -1
6 5 1
7 26 1
7 6 -1
8 27 -1
8 19 1
9 25 -1
9 10 1
10 28 1
10 14 -1
11 25 1
11 12 -1
12 20 -1
12 4 1
13 1 -1
13 14 1
14 24 -1
14 21 1
15 3 1
15 19 -1
16 26 -1
16 15 1
17 7 -1
17 29 1
18 8 1
18 22 -1
19 23 -1
19 18 1
20 11 -1
20 22 1
21 13 1
21 29 -1
22 28 -1
22 1 1
23 15 -1
23 6 1
24 10 -1
24 12 1
25 5 -1
25 2 1
26 4 -1
26 0 1
27 17 1
27 2 -1
28 18 -1
28 9 1
29 3 -1
29 27 1
(3,-5)=0 (4,-6)=1 (5,-11)=2 (8,-12)=3 (10,-12)=4 (8,-6)=5 (1,-3)=6 (2,-4)=7 (6,-10)=8 (7,-5)=9 (6,-4)=10 (4,-10)=11 (3,-9)=12 (4,-4)=13 (5,-3)=14 (8,-10)=15 (9,-11)=16 (2,-2)=17 (6,-8)=18 (7,-9)=19 (4,-8)=20 (4,-2)=21 (5,-7)=22 (8,-8)=23 (10,-14)=24 (0,0)=25 (2,-6)=26 (6,-12)=27 (6,-6)=28 (7,-13)=29