0 19 -1
0 2 1
1 0 -1
1 27 1
2 7 -1
2 9 1
3 4 -1
3 5 1
4 25 -1
4 15 1
5 22 1
5 8 -1
6 27 -1
6 11 1
7 28 -1
7 18 1
8 14 -1
8 25 1
9 0 1
9 11 -1
10 14 1
10 15 -1
11 20 -1
11 28 1
12 20 1
12 18 -1
13 10 -1
13 1 1
14 5 -1
14 24 1
15 13 -1
15 16 1
16 4 1
16 24 -1
17 7 1
17 21 -1
18 22 -1
18 17 1
19 23 1
19 1 -1
20 9 -1
20 21 1
21 29 -1
21 12 1
22 12 -1
22 3 1
23 16 -1
23 26 1
24 23 -1
24 10 1
25 29 1
25 3 -1
26 6 -1
26 19 1
27 13 1
27 26 -1
28 6 1
28 2 -1
29 17 -1
29 8 1
(4,0)=0 (3,-1)=1 (5,1)=2 (9,5)=3 (10,6)=4 (8,6)=5 (2,2)=6 (6,2)=7 (7,7)=8 (4,2)=9 (12,6)=10 (3,3)=11 (8,2)=12 (2,-2)=13 (8,8)=14 (11,7)=15 (10,8)=16 (6,4)=17 (7,3)=18 (4,-2)=19 (4,4)=20 (5,5)=21 (8,4)=22 (0,0)=23 (9,9)=24 (10,4)=25 (1,1)=26 (2,0)=27 (6,0)=28 (6,6)=29