0 22 -1
0 8 1
1 23 -1
1 4 1
2 1 -1
2 28 1
3 7 1
3 8 -1
4 10 -1
4 11 1
5 11 -1
5 15 1
6 7 -1
6 22 1
7 26 -1
7 18 1
8 17 -1
8 13 1
9 5 -1
9 29 1
10 29 -1
10 21 1
11 1 1
11 9 -1
12 19 -1
12 23 1
13 0 1
13 18 -1
14 5 1
14 21 -1
15 16 -1
15 14 1
16 20 -1
16 27 1
17 3 -1
17 2 1
18 25 -1
18 3 1
19 28 -1
19 9 1
20 10 1
20 15 -1
21 24 -1
21 20 1
22 24 1
22 27 -1
23 25 1
23 2 -1
24 14 -1
24 6 1
25 13 -1
25 12 1
26 16 1
26 6 -1
27 0 -1
27 26 1
28 17 1
28 12 -1
29 19 1
29 4 -1
(12,4)=0 (4,0)=1 (3,-1)=2 (14,4)=3 (5,1)=4 (8,0)=5 (9,5)=6 (10,6)=7 (13,5)=8 (7,-1)=9 (6,2)=10 (4,2)=11 (5,-3)=12 (12,6)=13 (8,2)=14 (9,1)=15 (10,2)=16 (2,-2)=17 (11,7)=18 (6,-2)=19 (6,4)=20 (7,3)=21 (12,2)=22 (4,-2)=23 (8,4)=24 (0,0)=25 (10,4)=26 (11,3)=27 (2,0)=28 (6,0)=29