0 19 -1
0 3 1
1 0 -1
1 26 1
2 20 1
2 18 -1
3 8 -1
3 11 1
4 5 -1
4 6 1
5 10 -1
5 15 1
6 22 1
6 9 -1
7 26 -1
7 12 1
8 28 -1
8 18 1
9 14 -1
9 10 1
10 29 1
10 4 -1
11 0 1
11 12 -1
12 20 -1
12 28 1
13 16 -1
13 1 1
14 6 -1
14 24 1
15 23 -1
15 16 1
16 5 1
16 24 -1
17 8 1
17 21 -1
18 22 -1
18 17 1
19 23 1
19 1 -1
20 11 -1
20 21 1
21 29 -1
21 2 1
22 2 -1
22 4 1
23 27 -1
23 25 1
24 13 -1
24 27 1
25 7 -1
25 19 1
26 13 1
26 25 -1
27 14 1
27 15 -1
28 7 1
28 3 -1
29 17 -1
29 9 1
(4,0)=0 (3,-1)=1 (4,6)=2 (5,1)=3 (9,5)=4 (10,6)=5 (8,6)=6 (2,2)=7 (6,2)=8 (7,7)=9 (6,8)=10 (4,2)=11 (3,3)=12 (2,-2)=13 (8,8)=14 (11,7)=15 (10,8)=16 (6,4)=17 (7,3)=18 (4,-2)=19 (4,4)=20 (5,5)=21 (8,4)=22 (0,0)=23 (9,9)=24 (1,1)=25 (2,0)=26 (8,10)=27 (6,0)=28 (6,6)=29