0 19 -1
0 18 1
1 8 -1
1 6 1
2 22 -1
2 3 1
3 17 -1
3 11 1
4 23 1
4 13 -1
5 25 1
5 3 -1
6 28 1
6 18 -1
7 2 -1
7 29 1
8 29 -1
8 9 1
9 23 -1
9 16 1
10 0 1
10 14 -1
11 2 1
11 9 -1
12 4 -1
12 14 1
13 12 -1
13 5 1
14 20 -1
14 24 1
15 6 -1
15 21 1
16 8 1
16 21 -1
17 5 -1
17 27 1
18 15 -1
18 10 1
19 17 1
19 26 -1
20 10 -1
20 7 1
21 25 -1
21 22 1
22 15 1
22 7 -1
23 11 -1
23 26 1
24 12 1
24 27 -1
25 16 -1
25 13 1
26 0 -1
26 4 1
27 28 -1
27 19 1
28 24 -1
28 1 1
29 20 1
29 1 -1
(-6,-2)=0 (-3,-3)=1 (0,-4)=2 (1,-3)=3 (-8,-2)=4 (2,-4)=5 (-4,-2)=6 (-1,-5)=7 (-2,-2)=8 (-1,-1)=9 (-6,0)=10 (0,-2)=11 (-8,0)=12 (-9,-1)=13 (-7,1)=14 (-4,0)=15 (-2,0)=16 (-10,2)=17 (-5,-1)=18 (-6,-4)=19 (-6,2)=20 (-3,1)=21 (0,-6)=22 (0,0)=23 (-8,2)=24 (2,-6)=25 (-7,-3)=26 (-9,3)=27 (-4,-4)=28 (-2,-4)=29