0 19 1
0 5 -1
1 22 -1
1 14 1
2 23 1
2 18 -1
3 20 -1
3 9 1
4 26 1
4 9 -1
5 10 -1
5 16 1
6 25 -1
6 11 1
7 28 1
7 11 -1
8 6 -1
8 0 1
9 23 -1
9 12 1
10 0 -1
10 21 1
11 19 -1
11 17 1
12 3 1
12 15 -1
13 2 -1
13 15 1
14 26 -1
14 20 1
15 28 -1
15 25 1
16 29 1
16 14 -1
17 6 1
17 21 -1
18 13 -1
18 7 1
19 7 -1
19 8 1
20 1 1
20 24 -1
21 29 -1
21 22 1
22 10 1
22 27 -1
23 4 -1
23 24 1
24 3 -1
24 2 1
25 13 1
25 8 -1
26 16 -1
26 27 1
27 1 -1
27 4 1
28 12 -1
28 18 1
29 17 -1
29 5 1
(-6,4)=0 (-6,10)=1 (0,2)=2 (2,2)=3 (-8,10)=4 (-7,5)=5 (-4,4)=6 (-2,4)=7 (-1,7)=8 (3,3)=9 (-6,6)=10 (-3,5)=11 (2,4)=12 (0,4)=13 (-9,7)=14 (1,5)=15 (-8,6)=16 (-4,6)=17 (-1,3)=18 (-2,6)=19 (-10,8)=20 (-5,7)=21 (-6,8)=22 (0,0)=23 (1,1)=24 (0,6)=25 (-8,8)=26 (-7,9)=27 (-2,2)=28 (-4,8)=29