0 25 -1
0 20 1
1 19 1
1 4 -1
2 20 -1
2 21 1
3 22 -1
3 9 1
4 11 -1
4 29 1
5 22 1
5 18 -1
6 24 -1
6 8 1
7 25 1
7 21 -1
8 17 -1
8 14 1
9 27 1
9 8 -1
10 6 -1
10 1 1
11 1 -1
11 0 1
12 2 1
12 16 -1
13 5 -1
13 16 1
14 6 1
14 0 -1
15 7 -1
15 4 1
16 27 -1
16 24 1
17 9 -1
17 18 1
18 13 -1
18 28 1
19 28 -1
19 10 1
20 11 1
20 23 -1
21 15 -1
21 12 1
22 29 -1
22 23 1
23 2 -1
23 5 1
24 13 1
24 10 -1
25 14 -1
25 26 1
26 19 -1
26 7 1
27 12 -1
27 3 1
28 17 1
28 26 -1
29 15 1
29 3 -1
(-1,11)=0 (-2,8)=1 (-2,14)=2 (3,7)=3 (-3,9)=4 (0,2)=5 (0,8)=6 (0,14)=7 (1,9)=8 (2,8)=9 (-1,7)=10 (-2,10)=11 (2,4)=12 (0,4)=13 (0,10)=14 (0,16)=15 (1,5)=16 (2,10)=17 (-1,3)=18 (-2,6)=19 (-2,12)=20 (-1,15)=21 (0,0)=22 (-3,13)=23 (0,6)=24 (0,12)=25 (1,13)=26 (2,6)=27 (2,12)=28 (0,18)=29