0 10 -1
0 13 1
1 18 1
1 0 -1
2 19 -1
2 23 1
3 2 -1
3 27 1
4 5 -1
4 6 1
5 22 -1
5 0 1
6 21 1
6 7 -1
7 12 -1
7 9 1
8 26 -1
8 29 1
9 28 1
9 11 -1
10 1 -1
10 11 1
11 17 -1
11 19 1
12 6 -1
12 25 1
13 5 1
13 25 -1
14 13 -1
14 3 1
15 26 1
15 20 -1
16 21 -1
16 15 1
17 9 -1
17 8 1
18 29 -1
18 20 1
19 10 1
19 3 -1
20 28 -1
20 1 1
21 27 -1
21 4 1
22 2 1
22 4 -1
23 18 -1
23 22 1
24 12 1
24 8 -1
25 14 -1
25 24 1
26 24 -1
26 16 1
27 14 1
27 16 -1
28 15 -1
28 7 1
29 17 1
29 23 -1
(3,-5)=0 (4,-6)=1 (4,0)=2 (3,-1)=3 (9,-7)=4 (10,-6)=5 (8,-6)=6 (7,-5)=7 (7,-1)=8 (6,-4)=9 (4,-4)=10 (5,-3)=11 (8,-4)=12 (10,-4)=13 (2,-2)=14 (6,-8)=15 (7,-9)=16 (6,-2)=17 (12,-8)=18 (4,-2)=19 (5,-7)=20 (8,-8)=21 (10,-8)=22 (11,-9)=23 (8,-2)=24 (9,-3)=25 (0,0)=26 (2,0)=27 (6,-6)=28 (6,0)=29