0 12 -1
0 7 1
1 24 -1
1 10 1
2 21 1
2 17 -1
3 20 1
3 0 -1
4 22 -1
4 11 1
5 23 -1
5 6 1
6 21 -1
6 15 1
7 26 1
7 6 -1
8 5 -1
8 18 1
9 28 -1
9 8 1
10 29 1
10 11 -1
11 20 -1
11 13 1
12 3 -1
12 19 1
13 4 1
13 16 -1
14 2 -1
14 16 1
15 5 1
15 1 -1
16 26 -1
16 23 1
17 14 -1
17 28 1
18 9 1
18 19 -1
19 29 -1
19 22 1
20 10 -1
20 27 1
21 7 -1
21 25 1
22 12 1
22 25 -1
23 14 1
23 8 -1
24 15 -1
24 17 1
25 4 -1
25 2 1
26 13 -1
26 0 1
27 9 -1
27 3 1
28 24 1
28 27 -1
29 18 -1
29 1 1
(3,-5)=0 (5,-11)=1 (0,-10)=2 (2,-16)=3 (2,-10)=4 (0,-4)=5 (1,-3)=6 (2,-4)=7 (-1,-5)=8 (4,-16)=9 (4,-10)=10 (3,-9)=11 (2,-14)=12 (2,-8)=13 (0,-8)=14 (0,-2)=15 (1,-7)=16 (-1,-9)=17 (4,-14)=18 (3,-13)=19 (4,-8)=20 (0,-12)=21 (2,-12)=22 (0,-6)=23 (0,0)=24 (1,-11)=25 (2,-6)=26 (3,-17)=27 (4,-18)=28 (4,-12)=29