0 28 -1
0 5 1
1 5 -1
1 24 1
2 9 -1
2 7 1
3 25 -1
3 4 1
4 1 -1
4 16 1
5 27 1
5 4 -1
6 26 1
6 12 -1
7 28 1
7 24 -1
8 3 -1
8 29 1
9 29 -1
9 10 1
10 26 -1
10 22 1
11 23 -1
11 14 1
12 21 -1
12 18 1
13 1 1
13 20 -1
14 19 1
14 17 -1
15 13 -1
15 17 1
16 3 1
16 10 -1
17 27 -1
17 25 1
18 23 1
18 0 -1
19 7 -1
19 11 1
20 15 -1
20 6 1
21 6 -1
21 8 1
22 9 1
22 11 -1
23 22 -1
23 12 1
24 19 -1
24 13 1
25 15 1
25 8 -1
26 16 -1
26 20 1
27 14 -1
27 0 1
28 18 -1
28 2 1
29 21 1
29 2 -1
(3,-5)=0 (-6,-2)=1 (-3,-3)=2 (0,-4)=3 (1,-3)=4 (2,-4)=5 (-2,-8)=6 (-4,-2)=7 (-1,-5)=8 (-2,-2)=9 (-1,-1)=10 (3,-9)=11 (-3,-7)=12 (-6,0)=13 (2,-8)=14 (0,-8)=15 (0,-2)=16 (1,-7)=17 (-4,-6)=18 (-4,0)=19 (-1,-9)=20 (-2,-6)=21 (-2,0)=22 (4,-8)=23 (-5,-1)=24 (0,-6)=25 (0,0)=26 (2,-6)=27 (-4,-4)=28 (-2,-4)=29