0 20 -1
0 2 1
1 0 -1
1 27 1
2 7 -1
2 9 1
3 4 -1
3 5 1
4 25 -1
4 14 1
5 22 1
5 8 -1
6 27 -1
6 11 1
7 28 -1
7 17 1
8 13 -1
8 10 1
9 0 1
9 11 -1
10 29 1
10 14 -1
11 19 -1
11 12 1
12 6 1
12 17 -1
13 5 -1
13 24 1
14 18 -1
14 15 1
15 4 1
15 24 -1
16 7 1
16 21 -1
17 22 -1
17 16 1
18 10 -1
18 1 1
19 9 -1
19 21 1
20 13 1
20 1 -1
21 29 -1
21 25 1
22 12 -1
22 3 1
23 15 -1
23 26 1
24 23 -1
24 20 1
25 19 1
25 3 -1
26 6 -1
26 28 1
27 18 1
27 26 -1
28 23 1
28 2 -1
29 16 -1
29 8 1
(4,0)=0 (3,-1)=1 (5,1)=2 (9,5)=3 (10,6)=4 (8,6)=5 (2,2)=6 (6,2)=7 (7,7)=8 (4,2)=9 (12,6)=10 (3,3)=11 (8,2)=12 (8,8)=13 (11,7)=14 (10,8)=15 (6,4)=16 (7,3)=17 (12,8)=18 (4,4)=19 (14,8)=20 (5,5)=21 (8,4)=22 (0,0)=23 (9,9)=24 (10,4)=25 (1,1)=26 (2,0)=27 (6,0)=28 (6,6)=29