0 26 -1
0 4 1
1 11 -1
1 8 1
2 22 -1
2 3 1
3 16 -1
3 12 1
4 24 1
4 3 -1
5 23 1
5 13 -1
6 25 -1
6 7 1
7 19 -1
7 17 1
8 28 1
8 7 -1
9 29 -1
9 14 1
10 6 -1
10 5 1
11 20 -1
11 13 1
12 2 1
12 14 -1
13 24 -1
13 22 1
14 23 -1
14 20 1
15 26 1
15 18 -1
16 4 -1
16 18 1
17 6 1
17 0 -1
18 28 -1
18 25 1
19 8 -1
19 21 1
20 9 1
20 1 -1
21 2 -1
21 29 1
22 11 1
22 21 -1
23 12 -1
23 10 1
24 5 -1
24 0 1
25 16 1
25 10 -1
26 17 -1
26 27 1
27 9 -1
27 15 1
28 15 -1
28 1 1
29 19 1
29 27 -1
(-1,11)=0 (3,7)=1 (4,12)=2 (5,13)=3 (0,2)=4 (4,18)=5 (0,8)=6 (1,9)=7 (2,8)=8 (2,14)=9 (-1,7)=10 (4,8)=11 (4,14)=12 (5,9)=13 (3,15)=14 (2,4)=15 (0,4)=16 (0,10)=17 (1,5)=18 (2,10)=19 (2,16)=20 (3,11)=21 (4,10)=22 (4,16)=23 (0,0)=24 (0,6)=25 (0,12)=26 (1,13)=27 (2,6)=28 (2,12)=29