0 20 1
0 2 -1
1 22 -1
1 14 1
2 26 -1
2 8 1
3 23 1
3 19 -1
4 5 -1
4 11 1
5 26 1
5 24 -1
6 15 -1
6 13 1
7 28 1
7 13 -1
8 29 1
8 14 -1
9 12 -1
9 0 1
10 1 1
10 11 -1
11 28 -1
11 15 1
12 25 -1
12 21 1
13 20 -1
13 18 1
14 23 -1
14 10 1
15 4 1
15 17 -1
16 3 -1
16 17 1
17 6 -1
17 25 1
18 6 1
18 21 -1
19 16 -1
19 7 1
20 7 -1
20 9 1
21 29 -1
21 22 1
22 12 1
22 27 -1
23 8 -1
23 24 1
24 4 -1
24 3 1
25 16 1
25 9 -1
26 0 -1
26 27 1
27 1 -1
27 5 1
28 10 -1
28 19 1
29 18 -1
29 2 1
(-2,8)=0 (-6,10)=1 (-3,9)=2 (0,2)=3 (2,2)=4 (-8,10)=5 (-4,4)=6 (-2,4)=7 (-4,10)=8 (-1,7)=9 (4,2)=10 (3,3)=11 (-6,6)=12 (-3,5)=13 (-5,11)=14 (2,4)=15 (0,4)=16 (1,5)=17 (-4,6)=18 (-1,3)=19 (-2,6)=20 (-5,7)=21 (-6,8)=22 (0,0)=23 (1,1)=24 (0,6)=25 (-8,8)=26 (-7,9)=27 (-2,2)=28 (-4,8)=29