0 26 -1
0 21 1
1 20 1
1 4 -1
2 20 -1
2 9 1
3 22 1
3 2 -1
4 11 -1
4 29 1
5 23 1
5 19 -1
6 21 -1
6 13 1
7 25 -1
7 8 1
8 18 -1
8 16 1
9 28 1
9 8 -1
10 7 -1
10 1 1
11 1 -1
11 0 1
12 26 1
12 13 -1
13 22 -1
13 14 1
14 6 1
14 17 -1
15 5 -1
15 17 1
16 7 1
16 0 -1
17 28 -1
17 25 1
18 9 -1
18 4 1
19 15 -1
19 3 1
20 3 -1
20 10 1
21 11 1
21 24 -1
22 12 -1
22 19 1
23 29 -1
23 24 1
24 6 -1
24 5 1
25 15 1
25 10 -1
26 16 -1
26 27 1
27 23 -1
27 12 1
28 14 -1
28 2 1
29 18 1
29 27 -1
(-1,11)=0 (-2,8)=1 (3,7)=2 (4,6)=3 (-3,9)=4 (0,2)=5 (2,2)=6 (0,8)=7 (1,9)=8 (2,8)=9 (-1,7)=10 (-2,10)=11 (4,2)=12 (3,3)=13 (2,4)=14 (0,4)=15 (0,10)=16 (1,5)=17 (2,10)=18 (-1,3)=19 (-2,6)=20 (-2,12)=21 (4,4)=22 (0,0)=23 (1,1)=24 (0,6)=25 (0,12)=26 (1,13)=27 (2,6)=28 (2,12)=29