0 16 1
0 9 -1
1 21 -1
1 5 1
2 1 -1
2 27 1
3 4 -1
3 6 1
4 24 -1
4 19 1
5 17 -1
5 12 1
6 23 1
6 8 -1
7 27 -1
7 15 1
8 16 -1
8 10 1
9 11 -1
9 29 1
10 28 1
10 13 -1
11 0 -1
11 13 1
12 1 1
12 15 -1
13 20 -1
13 21 1
14 25 1
14 19 -1
15 25 -1
15 24 1
16 6 -1
16 22 1
17 29 -1
17 2 1
18 4 1
18 22 -1
19 23 -1
19 18 1
20 10 -1
20 9 1
21 11 1
21 2 -1
22 28 -1
22 0 1
23 14 -1
23 3 1
24 7 1
24 3 -1
25 12 -1
25 26 1
26 7 -1
26 14 1
27 17 1
27 26 -1
28 18 -1
28 8 1
29 20 1
29 5 -1
(4,-6)=0 (4,0)=1 (3,-1)=2 (9,-7)=3 (10,-6)=4 (5,1)=5 (8,-6)=6 (2,2)=7 (7,-5)=8 (7,-1)=9 (6,-4)=10 (4,-4)=11 (4,2)=12 (5,-3)=13 (8,-10)=14 (3,3)=15 (8,-4)=16 (2,-2)=17 (6,-8)=18 (7,-9)=19 (6,-2)=20 (4,-2)=21 (5,-7)=22 (8,-8)=23 (10,-8)=24 (0,0)=25 (1,1)=26 (2,0)=27 (6,-6)=28 (6,0)=29