0 18 -1
0 3 1
1 0 -1
1 27 1
2 19 1
2 26 -1
3 8 -1
3 9 1
4 21 -1
4 12 1
5 15 -1
5 18 1
6 27 -1
6 10 1
7 4 -1
7 28 1
8 28 -1
8 17 1
9 0 1
9 10 -1
10 19 -1
10 14 1
11 4 1
11 17 -1
12 13 -1
12 11 1
13 14 -1
13 26 1
14 6 1
14 12 -1
15 24 -1
15 7 1
16 8 1
16 20 -1
17 22 -1
17 16 1
18 22 1
18 1 -1
19 9 -1
19 20 1
20 29 -1
20 2 1
21 23 1
21 7 -1
22 11 -1
22 5 1
23 2 -1
23 25 1
24 13 1
24 5 -1
25 6 -1
25 21 1
26 23 -1
26 24 1
27 29 1
27 25 -1
28 15 1
28 3 -1
29 16 -1
29 1 1
(4,0)=0 (3,-1)=1 (4,6)=2 (5,1)=3 (8,0)=4 (9,5)=5 (2,2)=6 (7,-1)=7 (6,2)=8 (4,2)=9 (3,3)=10 (8,2)=11 (9,1)=12 (10,2)=13 (2,4)=14 (6,-2)=15 (6,4)=16 (7,3)=17 (4,-2)=18 (4,4)=19 (5,5)=20 (8,-2)=21 (8,4)=22 (0,0)=23 (10,4)=24 (1,1)=25 (11,3)=26 (2,0)=27 (6,0)=28 (6,6)=29