0 21 1
0 5 -1
1 0 -1
1 4 1
2 29 -1
2 10 1
3 22 1
3 2 -1
4 11 -1
4 14 1
5 1 -1
5 25 1
6 23 1
6 20 -1
7 25 -1
7 15 1
8 26 -1
8 9 1
9 23 -1
9 28 1
10 27 1
10 9 -1
11 28 -1
11 20 1
12 11 1
12 16 -1
13 8 -1
13 0 1
14 1 1
14 15 -1
15 22 -1
15 17 1
16 21 -1
16 3 1
17 7 1
17 19 -1
18 6 -1
18 19 1
19 27 -1
19 26 1
20 18 -1
20 12 1
21 12 -1
21 13 1
22 14 -1
22 16 1
23 10 -1
23 24 1
24 7 -1
24 6 1
25 29 1
25 24 -1
26 18 1
26 13 -1
27 17 -1
27 2 1
28 8 1
28 4 -1
29 3 -1
29 5 1
(-2,8)=0 (4,0)=1 (3,7)=2 (4,6)=3 (5,1)=4 (-3,9)=5 (0,2)=6 (2,2)=7 (0,8)=8 (1,9)=9 (2,8)=10 (6,2)=11 (-2,4)=12 (-1,7)=13 (4,2)=14 (3,3)=15 (-3,5)=16 (2,4)=17 (0,4)=18 (1,5)=19 (-1,3)=20 (-2,6)=21 (4,4)=22 (0,0)=23 (1,1)=24 (2,0)=25 (0,6)=26 (2,6)=27 (6,0)=28 (-4,8)=29