0 18 1
0 3 -1
1 20 -1
1 2 1
2 28 -1
2 9 1
3 21 -1
3 27 1
4 21 1
4 17 -1
5 23 -1
5 10 1
6 9 -1
6 12 1
7 28 1
7 12 -1
8 25 -1
8 0 1
9 1 1
9 10 -1
10 6 -1
10 13 1
11 13 -1
11 19 1
12 18 -1
12 16 1
13 5 1
13 15 -1
14 4 -1
14 15 1
15 11 -1
15 24 1
16 6 1
16 19 -1
17 14 -1
17 7 1
18 7 -1
18 8 1
19 29 -1
19 20 1
20 11 1
20 26 -1
21 0 -1
21 22 1
22 5 -1
22 4 1
23 25 1
23 22 -1
24 14 1
24 8 -1
25 24 -1
25 26 1
26 1 -1
26 23 1
27 29 1
27 2 -1
28 27 -1
28 17 1
29 16 -1
29 3 1
(-2,8)=0 (4,0)=1 (5,1)=2 (-3,9)=3 (0,2)=4 (2,2)=5 (-4,4)=6 (-2,4)=7 (-1,7)=8 (4,2)=9 (3,3)=10 (-6,6)=11 (-3,5)=12 (2,4)=13 (0,4)=14 (1,5)=15 (-4,6)=16 (-1,3)=17 (-2,6)=18 (-5,7)=19 (-6,8)=20 (0,0)=21 (1,1)=22 (2,0)=23 (0,6)=24 (-8,8)=25 (-7,9)=26 (6,0)=27 (-2,2)=28 (-4,8)=29