0 20 1
0 26 -1
1 12 -1
1 7 1
2 22 1
2 1 -1
3 25 1
3 19 -1
4 0 -1
4 11 1
5 27 -1
5 6 1
6 17 -1
6 10 1
7 28 1
7 6 -1
8 29 1
8 13 -1
9 5 -1
9 0 1
10 5 1
10 11 -1
11 22 -1
11 14 1
12 2 -1
12 13 1
13 20 -1
13 23 1
14 4 1
14 16 -1
15 3 -1
15 16 1
16 28 -1
16 27 1
17 7 -1
17 21 1
18 17 1
18 24 -1
19 15 -1
19 8 1
20 8 -1
20 9 1
21 25 -1
21 18 1
22 10 -1
22 24 1
23 12 1
23 21 -1
24 29 -1
24 2 1
25 23 -1
25 26 1
26 4 -1
26 3 1
27 15 1
27 9 -1
28 14 -1
28 1 1
29 18 -1
29 19 1
(-2,8)=0 (3,7)=1 (4,6)=2 (0,2)=3 (2,2)=4 (0,8)=5 (1,9)=6 (2,8)=7 (-2,4)=8 (-1,7)=9 (4,2)=10 (3,3)=11 (4,8)=12 (5,9)=13 (2,4)=14 (0,4)=15 (1,5)=16 (2,10)=17 (6,4)=18 (-1,3)=19 (-2,6)=20 (3,11)=21 (4,4)=22 (4,10)=23 (5,5)=24 (0,0)=25 (1,1)=26 (0,6)=27 (2,6)=28 (6,6)=29