ns=  8
     256
 -0.365109340893692E+01
 -0.312841906384440E+01
 -0.312841906384440E+01
 -0.312841906384440E+01
 -0.269962814827515E+01
 -0.245873850889457E+01
 -0.245873850889457E+01
 -0.245873850889457E+01
 -0.245873850889457E+01
 -0.245873850889457E+01
 -0.245873850889457E+01
 -0.214514837392057E+01
 -0.214514837392057E+01
 -0.214514837392057E+01
 -0.214514837392057E+01
 -0.214514837392057E+01
 -0.214514837392057E+01
 -0.185463767971841E+01
 -0.185463767971841E+01
 -0.185463767971841E+01
 -0.185463767971841E+01
 -0.185463767971841E+01
 -0.185463767971841E+01
 -0.180193773580467E+01
 -0.180193773580467E+01
 -0.180193773580467E+01
 -0.180193773580467E+01
 -0.180193773580467E+01
 -0.170710678118636E+01
 -0.170710678118636E+01
 -0.161803398874964E+01
 -0.161803398874964E+01
 -0.126703509836115E+01
 -0.126703509836115E+01
 -0.126703509836115E+01
 -0.126703509836115E+01
 -0.126703509836115E+01
 -0.126703509836115E+01
 -0.126703509836115E+01
 -0.126703509836115E+01
 -0.126703509836115E+01
 -0.126703509836115E+01
 -0.120163967572337E+01
 -0.120163967572337E+01
 -0.120163967572337E+01
 -0.114412280563528E+01
 -0.114412280563528E+01
 -0.114412280563528E+01
 -0.114412280563528E+01
 -0.114412280563528E+01
 -0.114412280563528E+01
 -0.114412280563528E+01
 -0.114412280563528E+01
 -0.114412280563528E+01
 -0.114412280563528E+01
 -0.999999999999673E+00
 -0.999999999999673E+00
 -0.999999999999673E+00
 -0.858923549709945E+00
 -0.858923549709945E+00
 -0.858923549709945E+00
 -0.858923549709945E+00
 -0.858923549709945E+00
 -0.858923549709945E+00
 -0.760876721743225E+00
 -0.726109445035712E+00
 -0.628378426882941E+00
 -0.628378426882941E+00
 -0.628378426882941E+00
 -0.628378426882941E+00
 -0.628378426882941E+00
 -0.628378426882941E+00
 -0.596968283237129E+00
 -0.596968283237129E+00
 -0.596968283237129E+00
 -0.596968283237129E+00
 -0.596968283237129E+00
 -0.596968283237129E+00
 -0.512683203063835E+00
 -0.512683203063835E+00
 -0.512683203063835E+00
 -0.512683203063835E+00
 -0.512683203063835E+00
 -0.512683203063835E+00
 -0.445041867912487E+00
 -0.445041867912487E+00
 -0.445041867912487E+00
 -0.445041867912487E+00
 -0.445041867912487E+00
 -0.437016024448589E+00
 -0.437016024448589E+00
 -0.437016024448589E+00
 -0.437016024448589E+00
 -0.437016024448589E+00
 -0.437016024448589E+00
 -0.437016024448589E+00
 -0.437016024448589E+00
 -0.437016024448589E+00
 -0.437016024448589E+00
 -0.292893218813384E+00
 -0.292893218813384E+00
 -0.258652022504091E+00
 -0.258652022504091E+00
 -0.258652022504091E+00
 -0.258652022504091E+00
 -0.258652022504091E+00
 -0.258652022504091E+00
 -0.258652022504091E+00
 -0.258652022504091E+00
 -0.258652022504091E+00
 -0.258652022504091E+00
  0.000000000000000E+00
  0.000000000000000E+00
  0.000000000000000E+00
  0.000000000000000E+00
  0.000000000000000E+00
  0.000000000000000E+00
  0.000000000000000E+00
  0.000000000000000E+00
  0.000000000000000E+00
  0.000000000000000E+00
  0.000000000000000E+00
  0.000000000000000E+00
  0.705615738838226E-13
  0.705615738838226E-13
  0.705615738838226E-13
  0.705615738838226E-13
  0.705615738838226E-13
  0.705615738838226E-13
  0.705615738838226E-13
  0.705615738838226E-13
  0.705615738838226E-13
  0.705615738838226E-13
  0.705615738838226E-13
  0.265452711575519E+00
  0.265452711575519E+00
  0.265452711575519E+00
  0.265452711575519E+00
  0.265452711575519E+00
  0.265452711575519E+00
  0.292893218813608E+00
  0.292893218813608E+00
  0.292893218813608E+00
  0.292893218813608E+00
  0.292893218813608E+00
  0.292893218813608E+00
  0.292893218813608E+00
  0.292893218813608E+00
  0.292893218813608E+00
  0.292893218813608E+00
  0.292893218813608E+00
  0.292893218813608E+00
  0.292893218813608E+00
  0.292893218813608E+00
  0.377202853972980E+00
  0.437016024448962E+00
  0.437016024448962E+00
  0.437016024448962E+00
  0.437016024448962E+00
  0.437016024448962E+00
  0.437016024448962E+00
  0.437016024448962E+00
  0.437016024448962E+00
  0.437016024448962E+00
  0.437016024448962E+00
  0.451605962955991E+00
  0.451605962955991E+00
  0.451605962955991E+00
  0.451605962955991E+00
  0.451605962955991E+00
  0.451605962955991E+00
  0.618033988750128E+00
  0.618033988750128E+00
  0.892693357655412E+00
  0.892693357655412E+00
  0.892693357655412E+00
  0.892693357655412E+00
  0.892693357655412E+00
  0.892693357655412E+00
  0.100000000000020E+01
  0.100000000000020E+01
  0.100000000000020E+01
  0.100000000000020E+01
  0.100000000000020E+01
  0.100000000000020E+01
  0.100000000000020E+01
  0.100000000000020E+01
  0.100000000000020E+01
  0.100000000000020E+01
  0.100000000000020E+01
  0.100000000000020E+01
  0.100000000000020E+01
  0.100000000000020E+01
  0.100000000000020E+01
  0.100000000000020E+01
  0.100000000000020E+01
  0.100000000000020E+01
  0.100000000000020E+01
  0.114412280563551E+01
  0.114412280563551E+01
  0.114412280563551E+01
  0.114412280563551E+01
  0.114412280563551E+01
  0.114412280563551E+01
  0.114412280563551E+01
  0.114412280563551E+01
  0.114412280563551E+01
  0.114412280563551E+01
  0.124697960371749E+01
  0.124697960371749E+01
  0.124697960371749E+01
  0.124697960371749E+01
  0.124697960371749E+01
  0.133005873956822E+01
  0.133005873956822E+01
  0.133005873956822E+01
  0.144572599324237E+01
  0.144572599324237E+01
  0.144572599324237E+01
  0.144572599324237E+01
  0.144572599324237E+01
  0.144572599324237E+01
  0.146050487001901E+01
  0.152568712086554E+01
  0.152568712086554E+01
  0.152568712086554E+01
  0.152568712086554E+01
  0.152568712086554E+01
  0.152568712086554E+01
  0.152568712086554E+01
  0.152568712086554E+01
  0.152568712086554E+01
  0.152568712086554E+01
  0.170710678118683E+01
  0.170710678118683E+01
  0.170710678118683E+01
  0.170710678118683E+01
  0.170710678118683E+01
  0.170710678118683E+01
  0.170710678118683E+01
  0.170710678118683E+01
  0.170710678118683E+01
  0.170710678118683E+01
  0.170710678118683E+01
  0.170710678118683E+01
  0.170710678118683E+01
  0.170710678118683E+01
  0.200000000000009E+01
  0.200000000000009E+01
  0.200000000000009E+01
  0.200000000000009E+01
  0.200000000000009E+01
  0.200000000000009E+01
  0.200000000000009E+01
  0.200000000000009E+01
  0.200000000000009E+01
